frameNumber: 155
frame: 5
Joints (Shoulder-Elbow-Wrist-Hand in rowwise):
0 0 0
0.0422274 -0.0499688 -0.217126
0.238737 0.0473004 -0.240518
0.29975 0.0747791 -0.234554
Rotation matrix (Shoulder = R*Shoulder0):
0.452338 0.872189 -0.186214
-0.845875 0.485737 0.220352
0.282639 0.0578401 0.957481
Rotation matrix (shoulder to wrist):
0.783706 -0.608587 -0.124206
0.475013 0.458393 0.751158
-0.40021 -0.647686 0.648332
Rotate angles XYZ (Shoulder = R*Shoulder0):
  167.04 -169.268  117.412
Rotate angles XYZ shoulder to wrist:
 130.798 -172.865 -142.169
Flexion angle: 99.8063

frame: 6
Joints (Shoulder-Elbow-Wrist-Hand in rowwise):
0 0 0
0.041642 -0.0480467 -0.218023
0.234808 0.0498609 -0.243648
0.297124 0.0766616 -0.235139
Rotation matrix (Shoulder = R*Shoulder0):
0.463465 0.866937 -0.18336
-0.84262 0.495211 0.211562
0.274213 0.0564517 0.960011
Rotation matrix (shoulder to wrist):
0.800174 -0.590156 -0.106942
0.471338 0.508492 0.720608
-0.370892 -0.627018 0.685045
Rotate angles XYZ (Shoulder = R*Shoulder0):
 167.572 -169.434  118.129
Rotate angles XYZ shoulder to wrist:
 133.551 -173.861  -143.59
Flexion angle: 100.384

frame: 7
Joints (Shoulder-Elbow-Wrist-Hand in rowwise):
0 0 0
0.0389686 -0.0474621 -0.217223
0.236855 0.0494018 -0.242488
0.29795 0.0769879 -0.234249
Rotation matrix (Shoulder = R*Shoulder0):
0.450973 0.875684 -0.172629
-0.85167 0.480054 0.210254
0.266987 0.0522036 0.962285
Rotation matrix (shoulder to wrist):
0.761529 -0.627854 -0.160855
0.489483 0.394454 0.777697
-0.42483 -0.670974 0.607712
Rotate angles XYZ (Shoulder = R*Shoulder0):
 167.675 -170.059  117.248
Rotate angles XYZ shoulder to wrist:
 128.005 -170.743 -140.496
Flexion angle: 99.8944

frame: 8
Joints (Shoulder-Elbow-Wrist-Hand in rowwise):
0 0 0
0.0437523 -0.0504418 -0.217758
0.235452 0.0492644 -0.24264
0.298575 0.075712 -0.235837
Rotation matrix (Shoulder = R*Shoulder0):
0.47105 0.860937 -0.192093
-0.833838 0.505636 0.221463
0.287795 0.0558546 0.956062
Rotation matrix (shoulder to wrist):
0.838191 -0.54221 -0.058684
0.443262 0.614606 0.652517
-0.317734 -0.572946 0.755498
Rotate angles XYZ (Shoulder = R*Shoulder0):
 166.958 -168.925  118.685
Rotate angles XYZ shoulder to wrist:
 139.183 -176.636 -147.102
Flexion angle: 100.204

frame: 9
Joints (Shoulder-Elbow-Wrist-Hand in rowwise):
0 0 0
0.0365955 -0.0461145 -0.216266
0.23442 0.0512139 -0.24159
0.297356 0.0779517 -0.233526
Rotation matrix (Shoulder = R*Shoulder0):
0.452891 0.876488 -0.163274
-0.853246 0.479208 0.205744
0.258574 0.0461333 0.964889
Rotation matrix (shoulder to wrist):
0.79056 -0.598816 -0.128193
0.481722 0.478856 0.733922
-0.378098 -0.641963 0.667027
Rotate angles XYZ (Shoulder = R*Shoulder0):
 167.963 -170.603  117.326
Rotate angles XYZ shoulder to wrist:
 132.266 -172.635 -142.858
Flexion angle: 99.5214

frame: 10
Joints (Shoulder-Elbow-Wrist-Hand in rowwise):
0 0 0
0.0409833 -0.0495692 -0.217583
0.235555 0.0528405 -0.241514
0.29767 0.0772331 -0.234491
Rotation matrix (Shoulder = R*Shoulder0):
0.473892 0.861858 -0.18063
-0.835049 0.504939 0.218472
0.279499 0.047303 0.95898
Rotation matrix (shoulder to wrist):
0.867832 -0.495723 -0.0335522
0.416404 0.688808 0.593424
-0.271063 -0.528964 0.804191
Rotate angles XYZ (Shoulder = R*Shoulder0):
 167.166 -169.594  118.804
Rotate angles XYZ shoulder to wrist:
 143.576 -178.077 -150.264
Flexion angle: 99.2942

frame: 11
Joints (Shoulder-Elbow-Wrist-Hand in rowwise):
0 0 0
0.0431384 -0.0485416 -0.216232
0.23482 0.055102 -0.242518
0.295973 0.0810448 -0.235122
Rotation matrix (Shoulder = R*Shoulder0):
0.485941 0.85285 -0.19107
-0.82704 0.519403 0.215002
0.282607 0.0535439 0.95774
Rotation matrix (shoulder to wrist):
0.846185 -0.529801 -0.057286
0.434578 0.623862 0.649567
-0.308403 -0.57455 0.758143
Rotate angles XYZ (Shoulder = R*Shoulder0):
 167.348 -168.985  119.674
Rotate angles XYZ shoulder to wrist:
  139.41 -176.716 -147.949
Flexion angle: 100.372

frame: 12
Joints (Shoulder-Elbow-Wrist-Hand in rowwise):
0 0 0
0.0488863 -0.0524935 -0.215919
0.235198 0.0533446 -0.243578
0.299099 0.0800483 -0.236103
Rotation matrix (Shoulder = R*Shoulder0):
0.503976 0.836565 -0.214864
-0.806134 0.544901 0.230718
0.31009 0.0569329 0.949001
Rotation matrix (shoulder to wrist):
0.873154 -0.487142 -0.0171556
0.405245 0.705904 0.580927
-0.270883 -0.514191 0.813775
Rotate angles XYZ (Shoulder = R*Shoulder0):
 166.336 -167.592  121.066
Rotate angles XYZ shoulder to wrist:
 144.478 -179.017 -150.842
Flexion angle: 101.172

frame: 13
Joints (Shoulder-Elbow-Wrist-Hand in rowwise):
0 0 0
0.05082 -0.0578694 -0.215177
0.240537 0.0529473 -0.242339
0.300283 0.0825211 -0.235613
Rotation matrix (Shoulder = R*Shoulder0):
0.510629 0.83055 -0.222363
-0.792401 0.554966 0.253208
0.333706 0.0469056 0.94151
Rotation matrix (shoulder to wrist):
0.854497 -0.515765 -0.0618138
0.410413 0.597381 0.688983
-0.318427 -0.614103 0.722137
Rotate angles XYZ (Shoulder = R*Shoulder0):
 164.947 -167.152  121.584
Rotate angles XYZ shoulder to wrist:
 136.346 -176.456 -148.885
Flexion angle: 100.33

frame: 14
Joints (Shoulder-Elbow-Wrist-Hand in rowwise):
0 0 0
0.0549005 -0.0634528 -0.213974
0.244821 0.0486431 -0.242835
0.305765 0.0782744 -0.236937
Rotation matrix (Shoulder = R*Shoulder0):
0.513967 0.823881 -0.238867
-0.777484 0.565066 0.276077
0.36243 0.0438207 0.93098
Rotation matrix (shoulder to wrist):
0.872255 -0.487985 -0.0322859
0.39477 0.663593 0.635453
-0.288667 -0.567023 0.771464
Rotate angles XYZ (Shoulder = R*Shoulder0):
163.483 -166.18 121.957
Rotate angles XYZ shoulder to wrist:
 140.522  -178.15 -150.775
Flexion angle: 100.698

frame: 15
Joints (Shoulder-Elbow-Wrist-Hand in rowwise):
0 0 0
0.0513551 -0.0630083 -0.210975
0.238785 0.0535392 -0.240731
0.301469 0.0836668 -0.23474
Rotation matrix (Shoulder = R*Shoulder0):
0.533326 0.814843 -0.227142
-0.766126 0.579125 0.278684
0.358627 0.0253901 0.933136
Rotation matrix (shoulder to wrist):
0.901701 -0.432064 -0.0159785
0.361211 0.732495 0.577041
-0.237615 -0.526091 0.816559
Rotate angles XYZ (Shoulder = R*Shoulder0):
 163.372 -166.871  123.205
Rotate angles XYZ shoulder to wrist:
 144.752 -179.084 -154.398
Flexion angle: 99.7876

frame: 16
Joints (Shoulder-Elbow-Wrist-Hand in rowwise):
0 0 0
0.0546347 -0.0679165 -0.206237
0.244513 0.0501013 -0.239444
0.302972 0.0807676 -0.234157
Rotation matrix (Shoulder = R*Shoulder0):
0.534451 0.809209 -0.244013
-0.7505 0.587144 0.303334
0.388731 0.0210151 0.921111
Rotation matrix (shoulder to wrist):
0.880831 -0.471048 -0.0474411
0.383373 0.65089 0.655262
-0.277781 -0.595363 0.753911
Rotate angles XYZ (Shoulder = R*Shoulder0):
 161.773 -165.876  123.443
Rotate angles XYZ shoulder to wrist:
 139.004 -177.281 -151.863
Flexion angle: 100.483

frame: 17
Joints (Shoulder-Elbow-Wrist-Hand in rowwise):
0 0 0
0.0546288 -0.0708467 -0.204205
0.240544 0.0496055 -0.240074
0.30193 0.0845442 -0.234893
Rotation matrix (Shoulder = R*Shoulder0):
0.551321 0.797498 -0.245035
-0.731461 0.603308 0.31778
0.401261 0.0040347 0.915955
Rotation matrix (shoulder to wrist):
0.880996 -0.467333 -0.0737994
0.380788 0.607804 0.696832
-0.280797 -0.642008 0.713427
Rotate angles XYZ (Shoulder = R*Shoulder0):
 160.866 -165.816  124.657
Rotate angles XYZ shoulder to wrist:
 135.674 -175.768 -152.056
Flexion angle: 100.302

frame: 18
Joints (Shoulder-Elbow-Wrist-Hand in rowwise):
0 0 0
0.0627595 -0.0811967 -0.202055
0.247712 0.0456513 -0.240475
0.306449 0.0819488 -0.23274
Rotation matrix (Shoulder = R*Shoulder0):
0.566371 0.776229 -0.276933
-0.688701 0.630333 0.35829
0.452675 -0.0122006 0.891592
Rotation matrix (shoulder to wrist):
0.892631 -0.444062 -0.0775861
0.358782 0.59564 0.718671
-0.272921 -0.669344 0.691008
Rotate angles XYZ (Shoulder = R*Shoulder0):
 158.107 -163.923  126.116
Rotate angles XYZ shoulder to wrist:
 133.876  -175.55 -153.551
Flexion angle: 100.131

frame: 19
Joints (Shoulder-Elbow-Wrist-Hand in rowwise):
0 0 0
0.0597041 -0.0869183 -0.199607
0.244764 0.0521536 -0.238425
0.300998 0.0841429 -0.230843
Rotation matrix (Shoulder = R*Shoulder0):
0.592326 0.761055 -0.264472
-0.658682 0.646448 0.385023
0.463991 -0.0538564 0.884201
Rotation matrix (shoulder to wrist):
0.948967 -0.314548 -0.0228467
0.274561 0.788337 0.550583
-0.155174 -0.528758 0.834468
Rotate angles XYZ (Shoulder = R*Shoulder0):
 156.469 -164.664  127.893
Rotate angles XYZ shoulder to wrist:
 146.583 -178.691 -161.662
Flexion angle: 97.2743

frame: 20
Joints (Shoulder-Elbow-Wrist-Hand in rowwise):
0 0 0
0.0675208 -0.0953037 -0.197265
0.249003 0.048158 -0.233307
0.302992 0.0829026 -0.22613
Rotation matrix (Shoulder = R*Shoulder0):
0.594606 0.748128 -0.29453
-0.625179 0.660551 0.41572
0.505564 -0.063056 0.860482
Rotation matrix (shoulder to wrist):
0.956385 -0.290718 -0.028491
0.252492 0.773685 0.581085
-0.146889 -0.562934 0.813344
Rotate angles XYZ (Shoulder = R*Shoulder0):
 154.214 -162.871  128.477
Rotate angles XYZ shoulder to wrist:
 144.457 -178.367 -163.092
Flexion angle: 96.0866

frame: 21
Joints (Shoulder-Elbow-Wrist-Hand in rowwise):
0 0 0
0.0762764 -0.101812 -0.18735
0.247464 0.039452 -0.230063
0.303388 0.0802886 -0.221543
Rotation matrix (Shoulder = R*Shoulder0):
0.60722 0.719608 -0.336822
-0.567797 0.689552 0.449583
0.555779 -0.0817494 0.827301
Rotation matrix (shoulder to wrist):
0.950112 -0.307125 -0.0544126
0.265594 0.705159 0.657427
-0.163543 -0.639081 0.751551
Rotate angles XYZ (Shoulder = R*Shoulder0):
 151.479 -160.317  130.158
Rotate angles XYZ shoulder to wrist:
 138.822 -176.881 -162.087
Flexion angle: 97.4961

frame: 22
Joints (Shoulder-Elbow-Wrist-Hand in rowwise):
0 0 0
0.0818178 -0.113397 -0.180236
0.252769 0.0327303 -0.228296
0.305505 0.0775276 -0.21794
Rotation matrix (Shoulder = R*Shoulder0):
0.61003 0.706557 -0.358664
-0.515845 0.69771 0.497097
0.60147 -0.118229 0.790098
Rotation matrix (shoulder to wrist):
0.949984 -0.293592 -0.106463
0.273322 0.616697 0.738228
-0.151082 -0.730403 0.666097
Rotate angles XYZ (Shoulder = R*Shoulder0):
 147.824 -158.982  130.807
Rotate angles XYZ shoulder to wrist:
  132.06 -173.889 -162.826
Flexion angle: 96.6538

frame: 23
Joints (Shoulder-Elbow-Wrist-Hand in rowwise):
0 0 0
0.0883617 -0.119788 -0.176703
0.255105 0.0264327 -0.222911
0.30637 0.0751583 -0.216381
Rotation matrix (Shoulder = R*Shoulder0):
0.602603 0.700432 -0.382446
-0.487513 0.702513 0.518467
0.631824 -0.125982 0.764805
Rotation matrix (shoulder to wrist):
0.948867 -0.284537 -0.136711
0.274993 0.532381 0.800593
-0.155016 -0.797251 0.583405
Rotate angles XYZ (Shoulder = R*Shoulder0):
 145.866 -157.515  130.706
Rotate angles XYZ shoulder to wrist:
 126.081 -172.142 -163.308
Flexion angle: 95.9034

frame: 24
Joints (Shoulder-Elbow-Wrist-Hand in rowwise):
0 0 0
0.0932506 -0.12588 -0.168946
0.258528 0.0236321 -0.217167
0.307601 0.0739088 -0.212115
Rotation matrix (Shoulder = R*Shoulder0):
0.598771 0.691132 -0.404734
-0.447723 0.707842 0.546355
0.664091 -0.145933 0.733271
Rotation matrix (shoulder to wrist):
0.952903 -0.259909 -0.156279
0.271641 0.502316 0.820908
-0.13486 -0.824697 0.54926
Rotate angles XYZ (Shoulder = R*Shoulder0):
  143.31 -156.126  130.904
Rotate angles XYZ shoulder to wrist:
 123.786 -171.009 -164.743
Flexion angle: 95.1746

frame: 25
Joints (Shoulder-Elbow-Wrist-Hand in rowwise):
0 0 0
0.0936208 -0.127657 -0.164779
0.258883 0.0258506 -0.214772
0.306597 0.0763312 -0.207337
Rotation matrix (Shoulder = R*Shoulder0):
0.601869 0.685483 -0.409715
-0.428484 0.710136 0.558667
0.67391 -0.160688 0.721127
Rotation matrix (shoulder to wrist):
0.959168 -0.23601 -0.15587
0.261595 0.530727 0.806162
-0.107538 -0.814019 0.570796
Rotate angles XYZ (Shoulder = R*Shoulder0):
 142.235 -155.813  131.284
Rotate angles XYZ shoulder to wrist:
   125.3 -171.033 -166.177
Flexion angle: 94.4693

frame: 26
Joints (Shoulder-Elbow-Wrist-Hand in rowwise):
0 0 0
0.0974005 -0.132319 -0.163802
0.259192 0.0205623 -0.210803
0.307273 0.0768902 -0.203736
Rotation matrix (Shoulder = R*Shoulder0):
0.593382 0.686767 -0.419821
-0.416146 0.708201 0.570328
0.689 -0.163716 0.706028
Rotation matrix (shoulder to wrist):
0.955206 -0.226451 -0.190532
0.272703 0.423425 0.863912
-0.114957 -0.877172 0.466212
Rotate angles XYZ (Shoulder = R*Shoulder0):
 141.069 -155.177  130.828
Rotate angles XYZ shoulder to wrist:
 118.354 -169.016 -166.663
Flexion angle: 93.5066

frame: 27
Joints (Shoulder-Elbow-Wrist-Hand in rowwise):
0 0 0
0.0986578 -0.134111 -0.160726
0.267569 0.0199754 -0.205659
0.312538 0.0727241 -0.198657
Rotation matrix (Shoulder = R*Shoulder0):
0.572074 0.700697 -0.426328
-0.422028 0.697164 0.57953
0.703295 -0.151611 0.694543
Rotation matrix (shoulder to wrist):
0.94808 -0.249321 -0.197444
0.283636 0.38203 0.879547
-0.14386 -0.889883 0.432912
Rotate angles XYZ (Shoulder = R*Shoulder0):
 140.158 -154.765  129.229
Rotate angles XYZ shoulder to wrist:
 116.206 -168.612 -165.266
Flexion angle: 93.4253

frame: 28
Joints (Shoulder-Elbow-Wrist-Hand in rowwise):
0 0 0
0.0970634 -0.132918 -0.156566
0.265195 0.0255947 -0.200355
0.308832 0.0783331 -0.193389
Rotation matrix (Shoulder = R*Shoulder0):
0.573929 0.698589 -0.427292
-0.413492 0.697601 0.58513
0.706845 -0.159141 0.689234
Rotation matrix (shoulder to wrist):
0.953843 -0.224827 -0.199087
0.274622 0.384782 0.881207
-0.121514 -0.895207 0.428764
Rotate angles XYZ (Shoulder = R*Shoulder0):
  139.67 -154.704  129.405
Rotate angles XYZ shoulder to wrist:
 115.946 -168.516 -166.737
Flexion angle: 92.2594

frame: 29
Joints (Shoulder-Elbow-Wrist-Hand in rowwise):
0 0 0
0.100392 -0.135756 -0.153791
0.270918 0.0238327 -0.198914
0.310573 0.0781335 -0.192225
Rotation matrix (Shoulder = R*Shoulder0):
0.565076 0.698187 -0.439572
-0.399739 0.697766 0.594417
0.721733 -0.160177 0.673384
Rotation matrix (shoulder to wrist):
0.942815 -0.230167 -0.241089
0.295555 0.242883 0.923935
-0.154103 -0.942354 0.29702
Rotate angles XYZ (Shoulder = R*Shoulder0):
 138.564 -153.923  128.985
Rotate angles XYZ shoulder to wrist:
 107.821 -166.049 -166.281
Flexion angle: 92.5253

frame: 30
Joints (Shoulder-Elbow-Wrist-Hand in rowwise):
0 0 0
0.105139 -0.135329 -0.149138
0.272294 0.0268995 -0.196598
0.311981 0.083467 -0.189437
Rotation matrix (Shoulder = R*Shoulder0):
0.567639 0.680881 -0.462804
-0.36967 0.713088 0.595692
0.735615 -0.167053 0.656478
Rotation matrix (shoulder to wrist):
0.951723 -0.208838 -0.224967
0.279185 0.284283 0.917191
-0.12759 -0.935719 0.328863
Rotate angles XYZ (Shoulder = R*Shoulder0):
 137.779 -152.432  129.817
Rotate angles XYZ shoulder to wrist:
 109.726 -166.999 -167.624
Flexion angle: 92.8641

frame: 31
Joints (Shoulder-Elbow-Wrist-Hand in rowwise):
0 0 0
0.104543 -0.135664 -0.144063
0.27732 0.0273947 -0.193004
0.312113 0.0848311 -0.190165
Rotation matrix (Shoulder = R*Shoulder0):
0.555876 0.687605 -0.467119
-0.364817 0.706726 0.606174
0.746934 -0.166545 0.643703
Rotation matrix (shoulder to wrist):
0.929803 -0.210688 -0.301788
0.313419 0.0233648 0.949327
-0.192961 -0.977274 0.0877584
Rotate angles XYZ (Shoulder = R*Shoulder0):
  136.72 -152.153  128.953
Rotate angles XYZ shoulder to wrist:
 95.2816 -162.435 -167.233
Flexion angle: 93.1594

frame: 32
Joints (Shoulder-Elbow-Wrist-Hand in rowwise):
0 0 0
0.107896 -0.141114 -0.137721
0.280749 0.0221209 -0.188557
0.315926 0.0809731 -0.188651
Rotation matrix (Shoulder = R*Shoulder0):
0.543285 0.688777 -0.480028
-0.335637 0.70228 0.627813
0.769538 -0.179966 0.612718
Rotation matrix (shoulder to wrist):
0.924789 -0.193328 -0.327704
0.328939 -0.0266148 0.943976
-0.191218 -0.980773 0.03898
Rotate angles XYZ (Shoulder = R*Shoulder0):
 134.303 -151.313  128.265
Rotate angles XYZ shoulder to wrist:
 92.3646 -160.871 -168.192
Flexion angle: 92.7445

frame: 33
Joints (Shoulder-Elbow-Wrist-Hand in rowwise):
0 0 0
0.108491 -0.142451 -0.135681
0.281637 0.0205639 -0.187237
0.316204 0.0834273 -0.186723
Rotation matrix (Shoulder = R*Shoulder0):
0.539527 0.689714 -0.482913
-0.327784 0.700363 0.634073
0.775544 -0.183809 0.603942
Rotation matrix (shoulder to wrist):
0.921545 -0.188321 -0.339543
0.335617 -0.0533592 0.940486
-0.195231 -0.980657 0.014031
Rotate angles XYZ (Shoulder = R*Shoulder0):
 133.606 -151.124  128.034
Rotate angles XYZ shoulder to wrist:
 90.8547 -160.151  -168.45
Flexion angle: 92.6824

frame: 34
Joints (Shoulder-Elbow-Wrist-Hand in rowwise):
0 0 0
0.110659 -0.143037 -0.136932
0.28481 0.0205763 -0.187884
0.316543 0.0832 -0.187174
Rotation matrix (Shoulder = R*Shoulder0):
0.536453 0.68865 -0.487831
-0.32898 0.70296 0.630571
0.777168 -0.177785 0.603657
Rotation matrix (shoulder to wrist):
0.91907 -0.188877 -0.345885
0.331536 -0.103939 0.9377
-0.213061 -0.976485 -0.0329079
Rotate angles XYZ (Shoulder = R*Shoulder0):
 133.751 -150.802  127.918
Rotate angles XYZ shoulder to wrist:
 87.9901 -159.764 -168.387
Flexion angle: 92.9429

frame: 35
Joints (Shoulder-Elbow-Wrist-Hand in rowwise):
0 0 0
0.1123 -0.141971 -0.137087
0.284146 0.0206329 -0.188862
0.317259 0.0840255 -0.18909
Rotation matrix (Shoulder = R*Shoulder0):
0.539998 0.681034 -0.494566
-0.323243 0.710347 0.625237
0.777121 -0.177762 0.603725
Rotation matrix (shoulder to wrist):
0.922072 -0.185077 -0.339898
0.326823 -0.0980402 0.939987
-0.207293 -0.977821 -0.0299126
Rotate angles XYZ (Shoulder = R*Shoulder0):
 133.997 -150.359  128.411
Rotate angles XYZ shoulder to wrist:
 88.1773 -160.129  -168.65
Flexion angle: 93.4518

frame: 36
Joints (Shoulder-Elbow-Wrist-Hand in rowwise):
0 0 0
0.109576 -0.1405 -0.137143
0.286252 0.0228533 -0.189987
0.315135 0.0864799 -0.19085
Rotation matrix (Shoulder = R*Shoulder0):
0.539655 0.686491 -0.487342
-0.333614 0.705856 0.624875
0.772965 -0.174633 0.609942
Rotation matrix (shoulder to wrist):
0.909243 -0.184208 -0.373289
0.335738 -0.205609 0.919241
-0.246083 -0.961141 -0.125103
Rotate angles XYZ (Shoulder = R*Shoulder0):
 134.307 -150.834  128.171
Rotate angles XYZ shoulder to wrist:
   82.25 -158.081 -168.547
Flexion angle: 93.784

frame: 37
Joints (Shoulder-Elbow-Wrist-Hand in rowwise):
0 0 0
0.111194 -0.135239 -0.138882
0.282908 0.0318144 -0.19454
0.312143 0.0911131 -0.19411
Rotation matrix (Shoulder = R*Shoulder0):
0.560722 0.661832 -0.497563
-0.322245 0.727971 0.605158
0.762725 -0.178989 0.621461
Rotation matrix (shoulder to wrist):
0.930045 -0.16927 -0.326136
0.315643 -0.0863542 0.94494
-0.188113 -0.981779 -0.0268844
Rotate angles XYZ (Shoulder = R*Shoulder0):
 135.761 -150.161  130.272
Rotate angles XYZ shoulder to wrist:
 88.3703 -160.966 -169.685
Flexion angle: 94.4154

frame: 38
Joints (Shoulder-Elbow-Wrist-Hand in rowwise):
0 0 0
0.113438 -0.131275 -0.142076
0.28102 0.0352565 -0.19878
0.312863 0.0949607 -0.196448
Rotation matrix (Shoulder = R*Shoulder0):
0.573504 0.644357 -0.505863
-0.320399 0.744747 0.585402
0.753948 -0.173653 0.633567
Rotation matrix (shoulder to wrist):
0.943007 -0.177982 -0.281178
0.291613 0.0349183 0.955899
-0.160315 -0.983414 0.08483
Rotate angles XYZ (Shoulder = R*Shoulder0):
 137.263 -149.611   131.67
Rotate angles XYZ shoulder to wrist:
 95.0714 -163.669 -169.312
Flexion angle: 95.4821

frame: 39
Joints (Shoulder-Elbow-Wrist-Hand in rowwise):
0 0 0
0.112231 -0.129722 -0.141918
0.277698 0.0419568 -0.200057
0.309104 0.0993804 -0.199473
Rotation matrix (Shoulder = R*Shoulder0):
0.585984 0.634424 -0.504112
-0.311441 0.750658 0.582681
0.748083 -0.18444 0.637459
Rotation matrix (shoulder to wrist):
0.949534 -0.146887 -0.277145
0.286277 0.0447597 0.957101
-0.12818 -0.98814 0.0845512
Rotate angles XYZ (Shoulder = R*Shoulder0):
 137.571 -149.728  132.727
Rotate angles XYZ shoulder to wrist:
 95.0485  -163.91 -171.206
Flexion angle: 94.7777

frame: 40
Joints (Shoulder-Elbow-Wrist-Hand in rowwise):
0 0 0
0.112502 -0.129005 -0.140935
0.277219 0.0408926 -0.202001
0.308478 0.104526 -0.201159
Rotation matrix (Shoulder = R*Shoulder0):
0.590012 0.628042 -0.507394
-0.303041 0.754748 0.581826
0.748366 -0.189523 0.635633
Rotation matrix (shoulder to wrist):
0.945671 -0.138749 -0.294033
0.296466 -0.00327103 0.955038
-0.133472 -0.990322 0.038041
Rotate angles XYZ (Shoulder = R*Shoulder0):
137.531 -149.51 133.212
Rotate angles XYZ shoulder to wrist:
  92.281   -162.9 -171.653
Flexion angle: 95.5277

frame: 41
Joints (Shoulder-Elbow-Wrist-Hand in rowwise):
0 0 0
0.117819 -0.130094 -0.142743
0.279011 0.0397575 -0.203131
0.308506 0.105749 -0.204432
Rotation matrix (Shoulder = R*Shoulder0):
0.589771 0.617214 -0.520785
-0.292011 0.764233 0.575046
0.752927 -0.18707 0.630956
Rotation matrix (shoulder to wrist):
0.946805 -0.114779 -0.300642
0.290902 -0.0942176 0.952102
-0.137607 -0.988913 -0.0558162
Rotate angles XYZ (Shoulder = R*Shoulder0):
 137.654 -148.615  133.697
Rotate angles XYZ shoulder to wrist:
 86.6449 -162.504 -173.088
Flexion angle: 95.7853

frame: 42
Joints (Shoulder-Elbow-Wrist-Hand in rowwise):
0 0 0
0.114597 -0.126351 -0.142106
0.272982 0.047642 -0.202202
0.308805 0.106469 -0.20511
Rotation matrix (Shoulder = R*Shoulder0):
0.601742 0.609493 -0.516163
-0.290844 0.769107 0.569108
0.743852 -0.192334 0.640072
Rotation matrix (shoulder to wrist):
0.961399 -0.119794 -0.247714
0.261988 0.123319 0.95716
-0.0841138 -0.98511 0.149943
Rotate angles XYZ (Shoulder = R*Shoulder0):
 138.359 -148.925  134.633
Rotate angles XYZ shoulder to wrist:
 98.9032 -165.658 -172.897
Flexion angle: 95.0076

frame: 43
Joints (Shoulder-Elbow-Wrist-Hand in rowwise):
0 0 0
0.114927 -0.126327 -0.142115
0.275901 0.0482098 -0.203421
0.311049 0.108506 -0.206479
Rotation matrix (Shoulder = R*Shoulder0):
0.600113 0.610158 -0.517274
-0.291879 0.769103 0.568584
0.744762 -0.190233 0.639641
Rotation matrix (shoulder to wrist):
0.957473 -0.120843 -0.261996
0.270785 0.0628944 0.960583
-0.0996019 -0.990677 0.0929422
Rotate angles XYZ (Shoulder = R*Shoulder0):
138.366 -148.85 134.524
Rotate angles XYZ shoulder to wrist:
 95.5265 -164.811 -172.807
Flexion angle: 95.4387

frame: 44
Joints (Shoulder-Elbow-Wrist-Hand in rowwise):
0 0 0
0.116716 -0.125027 -0.143835
0.276637 0.0479597 -0.203184
0.309349 0.112144 -0.2073
Rotation matrix (Shoulder = R*Shoulder0):
0.598116 0.607862 -0.522266
-0.29766 0.773566 0.559459
0.74408 -0.179164 0.643618
Rotation matrix (shoulder to wrist):
0.952698 -0.106489 -0.284652
0.273668 -0.106775 0.955879
-0.132185 -0.988564 -0.0725812
Rotate angles XYZ (Shoulder = R*Shoulder0):
 139.002 -148.516  134.537
Rotate angles XYZ shoulder to wrist:
 85.6578 -163.462 -173.622
Flexion angle: 95.8922

frame: 45
Joints (Shoulder-Elbow-Wrist-Hand in rowwise):
0 0 0
0.117969 -0.126342 -0.141907
0.275531 0.0526661 -0.20435
0.306598 0.115015 -0.208361
Rotation matrix (Shoulder = R*Shoulder0):
0.606197 0.595216 -0.527488
-0.272997 0.778675 0.564923
0.746992 -0.198452 0.634523
Rotation matrix (shoulder to wrist):
0.959016 -0.0718282 -0.274097
0.271386 -0.045305 0.961404
-0.0814739 -0.996388 -0.023955
Rotate angles XYZ (Shoulder = R*Shoulder0):
 138.321 -148.164  135.524
Rotate angles XYZ shoulder to wrist:
 88.5727 -164.092 -175.717
Flexion angle: 95.0287

frame: 46
Joints (Shoulder-Elbow-Wrist-Hand in rowwise):
0 0 0
0.117269 -0.124287 -0.139526
0.278198 0.0531567 -0.205018
0.30872 0.11498 -0.210544
Rotation matrix (Shoulder = R*Shoulder0):
0.604063 0.593743 -0.531579
-0.271269 0.780388 0.56339
0.749347 -0.196122 0.632468
Rotation matrix (shoulder to wrist):
0.953332 -0.0785055 -0.291539
0.283137 -0.102838 0.95355
-0.10484 -0.991595 -0.0758107
Rotate angles XYZ (Shoulder = R*Shoulder0):
 138.306 -147.888  135.494
Rotate angles XYZ shoulder to wrist:
 85.4543  -163.05 -175.292
Flexion angle: 96.2413

frame: 47
Joints (Shoulder-Elbow-Wrist-Hand in rowwise):
0 0 0
0.120163 -0.123481 -0.142502
0.278345 0.0546242 -0.207222
0.307168 0.115627 -0.210986
Rotation matrix (Shoulder = R*Shoulder0):
0.60855 0.583822 -0.537419
-0.26923 0.789001 0.552261
0.746446 -0.191389 0.637329
Rotation matrix (shoulder to wrist):
0.959434 -0.0781198 -0.270895
0.266016 -0.0674464 0.961606
-0.0933914 -0.99466 -0.0439293
Rotate angles XYZ (Shoulder = R*Shoulder0):
  139.09 -147.492  136.188
Rotate angles XYZ shoulder to wrist:
 87.3844 -164.282 -175.345
Flexion angle: 96.4894

frame: 48
Joints (Shoulder-Elbow-Wrist-Hand in rowwise):
0 0 0
0.116546 -0.11993 -0.141696
0.275147 0.0543909 -0.205619
0.30748 0.116471 -0.211037
Rotation matrix (Shoulder = R*Shoulder0):
0.609424 0.588118 -0.531714
-0.282865 0.78779 0.547152
0.740668 -0.183044 0.646456
Rotation matrix (shoulder to wrist):
0.956563 -0.0961751 -0.275204
0.267906 -0.0822221 0.95993
-0.114949 -0.991963 -0.0528848
Rotate angles XYZ (Shoulder = R*Shoulder0):
 139.756 -147.879  136.019
Rotate angles XYZ shoulder to wrist:
 86.8466 -164.026 -174.259
Flexion angle: 97.1217

frame: 49
Joints (Shoulder-Elbow-Wrist-Hand in rowwise):
0 0 0
0.119474 -0.120682 -0.141302
0.275408 0.0584235 -0.209717
0.305409 0.117833 -0.211526
Rotation matrix (Shoulder = R*Shoulder0):
0.619435 0.569057 -0.540809
-0.255788 0.797592 0.546277
0.742208 -0.200051 0.639614
Rotation matrix (shoulder to wrist):
0.966452 -0.0867543 -0.241752
0.249424 0.0923623 0.96398
-0.0613007 -0.991939 0.110902
Rotate angles XYZ (Shoulder = R*Shoulder0):
   139.5 -147.261  137.427
Rotate angles XYZ shoulder to wrist:
 96.5628  -166.01 -174.871
Flexion angle: 97.0304

frame: 50
Joints (Shoulder-Elbow-Wrist-Hand in rowwise):
0 0 0
0.117664 -0.118395 -0.140806
0.275735 0.0574107 -0.208913
0.305806 0.119106 -0.212342
Rotation matrix (Shoulder = R*Shoulder0):
0.616653 0.573952 -0.538812
-0.267639 0.796514 0.542157
0.740343 -0.190116 0.644785
Rotation matrix (shoulder to wrist):
0.960027 -0.0935541 -0.263808
0.26326 -0.0183776 0.96455
-0.0950857 -0.995445 0.0069861
Rotate angles XYZ (Shoulder = R*Shoulder0):
 139.942 -147.397  137.054
Rotate angles XYZ shoulder to wrist:
  90.415 -164.704 -174.434
Flexion angle: 97.8894

frame: 51
Joints (Shoulder-Elbow-Wrist-Hand in rowwise):
0 0 0
0.118789 -0.118311 -0.139014
0.274735 0.0584225 -0.207006
0.304849 0.121457 -0.212249
Rotation matrix (Shoulder = R*Shoulder0):
0.615833 0.56856 -0.545425
-0.256851 0.799331 0.543228
0.744834 -0.194445 0.63829
Rotation matrix (shoulder to wrist):
0.960819 -0.0712099 -0.267874
0.263842 -0.0611886 0.962623
-0.0849391 -0.995583 -0.040003
Rotate angles XYZ (Shoulder = R*Shoulder0):
   139.6 -146.946  137.286
Rotate angles XYZ shoulder to wrist:
 87.6204 -164.462 -175.761
Flexion angle: 97.6011

frame: 52
Joints (Shoulder-Elbow-Wrist-Hand in rowwise):
0 0 0
0.119453 -0.119099 -0.139985
0.27871 0.05873 -0.20825
0.306251 0.119665 -0.212476
Rotation matrix (Shoulder = R*Shoulder0):
0.612466 0.572641 -0.544947
-0.262224 0.797515 0.543331
0.745737 -0.189873 0.638611
Rotation matrix (shoulder to wrist):
0.958633 -0.0781023 -0.273722
0.266742 -0.08918 0.959633
-0.0993601 -0.992949 -0.0646577
Rotate angles XYZ (Shoulder = R*Shoulder0):
 139.609 -146.979  136.925
Rotate angles XYZ shoulder to wrist:
 86.1454 -164.114 -175.342
Flexion angle: 97.8152

frame: 53
Joints (Shoulder-Elbow-Wrist-Hand in rowwise):
0 0 0
0.119932 -0.116628 -0.139056
0.276006 0.0627105 -0.207978
0.307099 0.120436 -0.212619
Rotation matrix (Shoulder = R*Shoulder0):
0.61825 0.560192 -0.551319
-0.251922 0.805668 0.536129
0.744515 -0.192573 0.639229
Rotation matrix (shoulder to wrist):
0.967646 -0.0882485 -0.236375
0.242306 0.0638209 0.968099
-0.0703476 -0.994052 0.0831392
Rotate angles XYZ (Shoulder = R*Shoulder0):
 140.013 -146.542  137.821
Rotate angles XYZ shoulder to wrist:
 94.9085 -166.327 -174.789
Flexion angle: 97.8843

frame: 54
Joints (Shoulder-Elbow-Wrist-Hand in rowwise):
0 0 0
0.120838 -0.11764 -0.140958
0.280087 0.0633971 -0.207489
0.306167 0.123389 -0.211466
Rotation matrix (Shoulder = R*Shoulder0):
0.612002 0.568508 -0.549775
-0.264433 0.802253 0.535225
0.745338 -0.18218 0.641312
Rotation matrix (shoulder to wrist):
0.962229 -0.071232 -0.262758
0.253545 -0.117031 0.960218
-0.0991489 -0.99057 -0.0945496
Rotate angles XYZ (Shoulder = R*Shoulder0):
 140.152 -146.648   137.11
Rotate angles XYZ shoulder to wrist:
 84.3764 -164.766 -175.766
Flexion angle: 97.6559

frame: 55
Joints (Shoulder-Elbow-Wrist-Hand in rowwise):
0 0 0
0.121577 -0.11853 -0.140076
0.280427 0.0599288 -0.20845
0.308311 0.121908 -0.212169
Rotation matrix (Shoulder = R*Shoulder0):
0.611297 0.566789 -0.552328
-0.257399 0.802358 0.538486
0.748373 -0.187006 0.63637
Rotation matrix (shoulder to wrist):
0.961572 -0.0818383 -0.262071
0.25722 -0.0652471 0.964148
-0.0960036 -0.994508 -0.0416893
Rotate angles XYZ (Shoulder = R*Shoulder0):
 139.763 -146.473  137.164
Rotate angles XYZ shoulder to wrist:
 87.5241 -164.807 -175.135
Flexion angle: 98.1316

frame: 56
Joints (Shoulder-Elbow-Wrist-Hand in rowwise):
0 0 0
0.120033 -0.117849 -0.143193
0.27749 0.0651794 -0.208698
0.305929 0.123582 -0.211161
Rotation matrix (Shoulder = R*Shoulder0):
0.618507 0.567634 -0.543361
-0.267687 0.802339 0.533475
0.738778 -0.184507 0.6482
Rotation matrix (shoulder to wrist):
0.96809 -0.080423 -0.237346
0.238819 0.00907661 0.971022
-0.0759382 -0.996719 0.0279935
Rotate angles XYZ (Shoulder = R*Shoulder0):
 140.545 -147.087  137.456
Rotate angles XYZ shoulder to wrist:
 91.6513  -166.27 -175.251
Flexion angle: 96.9742

frame: 57
Joints (Shoulder-Elbow-Wrist-Hand in rowwise):
0 0 0
0.119896 -0.115857 -0.143251
0.276986 0.06429 -0.208445
0.305928 0.128303 -0.212027
Rotation matrix (Shoulder = R*Shoulder0):
0.618138 0.566039 -0.54544
-0.27214 0.805073 0.527065
0.737458 -0.177363 0.651688
Rotation matrix (shoulder to wrist):
0.965015 -0.0775016 -0.250477
0.243897 -0.0852646 0.966046
-0.0962269 -0.99334 -0.0633793
Rotate angles XYZ (Shoulder = R*Shoulder0):
 141.035 -146.945  137.519
Rotate angles XYZ shoulder to wrist:
 86.2464 -165.494 -175.408
Flexion angle: 97.7058

frame: 58
Joints (Shoulder-Elbow-Wrist-Hand in rowwise):
0 0 0
0.119304 -0.113189 -0.14332
0.276793 0.0672054 -0.206565
0.304817 0.129135 -0.210791
Rotation matrix (Shoulder = R*Shoulder0):
0.616886 0.565985 -0.546912
-0.280779 0.807422 0.518877
0.735265 -0.166527 0.657004
Rotation matrix (shoulder to wrist):
0.965465 -0.0796537 -0.248058
0.235953 -0.136394 0.962145
-0.110472 -0.987447 -0.112889
Rotate angles XYZ (Shoulder = R*Shoulder0):
   141.7 -146.845  137.464
Rotate angles XYZ shoulder to wrist:
 83.3081 -165.637 -175.284
Flexion angle: 97.9094

frame: 59
Joints (Shoulder-Elbow-Wrist-Hand in rowwise):
0 0 0
0.123383 -0.114664 -0.143341
0.280078 0.0667153 -0.207183
0.307908 0.128936 -0.21037
Rotation matrix (Shoulder = R*Shoulder0):
0.613389 0.559063 -0.557856
-0.268475 0.811878 0.518435
0.742749 -0.168232 0.648091
Rotation matrix (shoulder to wrist):
0.96884 -0.0814558 -0.233908
0.227271 -0.0830767 0.970281
-0.0984674 -0.993209 -0.0619755
Rotate angles XYZ (Shoulder = R*Shoulder0):
 141.342 -146.092  137.653
Rotate angles XYZ shoulder to wrist:
 86.3453 -166.473 -175.194
Flexion angle: 98.0545

frame: 60
Joints (Shoulder-Elbow-Wrist-Hand in rowwise):
0 0 0
0.121727 -0.111361 -0.143177
0.278587 0.0736589 -0.205678
0.306006 0.135464 -0.210212
Rotation matrix (Shoulder = R*Shoulder0):
0.617063 0.555621 -0.557243
-0.273945 0.815517 0.50979
0.737691 -0.161919 0.655435
Rotation matrix (shoulder to wrist):
0.970774 -0.0666233 -0.230562
0.218849 -0.148559 0.964383
-0.0985026 -0.986657 -0.129637
Rotate angles XYZ (Shoulder = R*Shoulder0):
 142.125 -146.135  137.999
Rotate angles XYZ shoulder to wrist:
 82.3439  -166.67 -176.074
Flexion angle: 97.8134

frame: 61
Joints (Shoulder-Elbow-Wrist-Hand in rowwise):
0 0 0
0.120892 -0.112264 -0.144122
0.277062 0.0728558 -0.206484
0.304203 0.13683 -0.211131
Rotation matrix (Shoulder = R*Shoulder0):
0.619968 0.55776 -0.551855
-0.275525 0.813301 0.512471
0.73466 -0.165666 0.657898
Rotation matrix (shoulder to wrist):
0.969788 -0.056073 -0.237419
0.224621 -0.174422 0.958709
-0.0951688 -0.983073 -0.156557
Rotate angles XYZ (Shoulder = R*Shoulder0):
 142.083 -146.506  138.024
Rotate angles XYZ shoulder to wrist:
 80.7255 -166.266 -176.691
Flexion angle: 97.4305

frame: 62
Joints (Shoulder-Elbow-Wrist-Hand in rowwise):
0 0 0
0.12887 -0.108402 -0.145585
0.278758 0.0786994 -0.206929
0.304937 0.137781 -0.209969
Rotation matrix (Shoulder = R*Shoulder0):
0.621734 0.527545 -0.578916
-0.255302 0.835274 0.486969
0.740451 -0.154967 0.654001
Rotation matrix (shoulder to wrist):
0.981545 -0.0587124 -0.181993
0.179016 -0.0525431 0.982442
-0.067244 -0.996891 -0.0410629
Rotate angles XYZ (Shoulder = R*Shoulder0):
 143.329 -144.626  139.685
Rotate angles XYZ shoulder to wrist:
 87.6066 -169.514 -176.577
Flexion angle: 98.3133

frame: 63
Joints (Shoulder-Elbow-Wrist-Hand in rowwise):
0 0 0
0.12726 -0.105262 -0.141555
0.277152 0.0828649 -0.203542
0.300555 0.147876 -0.208361
Rotation matrix (Shoulder = R*Shoulder0):
0.62056 0.52212 -0.585061
-0.249488 0.83879 0.483928
0.743412 -0.154341 0.650782
Rotation matrix (shoulder to wrist):
0.980203 -0.0281673 -0.195979
0.185902 -0.209662 0.959939
-0.0681283 -0.977368 -0.200275
Rotate angles XYZ (Shoulder = R*Shoulder0):
 143.365 -144.193  139.924
Rotate angles XYZ shoulder to wrist:
 78.2152 -168.698 -178.354
Flexion angle: 98.5654

frame: 64
Joints (Shoulder-Elbow-Wrist-Hand in rowwise):
0 0 0
0.128925 -0.104239 -0.141922
0.278277 0.0840255 -0.205078
0.301292 0.149996 -0.209581
Rotation matrix (Shoulder = R*Shoulder0):
0.621988 0.513958 -0.590743
-0.243813 0.844051 0.477633
0.744101 -0.153051 0.6503
Rotation matrix (shoulder to wrist):
0.981482 -0.0282323 -0.189461
0.180404 -0.196278 0.96381
-0.0643975 -0.980142 -0.18755
Rotate angles XYZ (Shoulder = R*Shoulder0):
143.703 -143.79 140.433
Rotate angles XYZ shoulder to wrist:
 78.9883 -169.079 -178.352
Flexion angle: 99.1186

frame: 65
Joints (Shoulder-Elbow-Wrist-Hand in rowwise):
0 0 0
0.129386 -0.103517 -0.143938
0.27524 0.0868754 -0.204994
0.300105 0.151528 -0.209154
Rotation matrix (Shoulder = R*Shoulder0):
0.627611 0.508531 -0.589492
-0.24368 0.847458 0.47163
0.739408 -0.152353 0.655793
Rotation matrix (shoulder to wrist):
0.985368 -0.0224558 -0.168954
0.164256 -0.139484 0.976506
-0.0454946 -0.98997 -0.133755
Rotate angles XYZ (Shoulder = R*Shoulder0):
 144.277 -143.879  140.983
Rotate angles XYZ shoulder to wrist:
 82.2006 -170.273 -178.695
Flexion angle: 98.4166

frame: 66
Joints (Shoulder-Elbow-Wrist-Hand in rowwise):
0 0 0
0.130166 -0.102603 -0.143159
0.277766 0.0868336 -0.205433
0.300957 0.153485 -0.208934
Rotation matrix (Shoulder = R*Shoulder0):
0.62476 0.506394 -0.59434
-0.242835 0.849443 0.468486
0.742096 -0.148365 0.653668
Rotation matrix (shoulder to wrist):
0.984526 -0.0294905 -0.172738
0.165679 -0.164468 0.972369
-0.0570855 -0.985941 -0.157037
Rotate angles XYZ (Shoulder = R*Shoulder0):
 144.371 -143.534  140.974
Rotate angles XYZ shoulder to wrist:
  80.826 -170.053 -178.284
Flexion angle: 99.204

frame: 67
Joints (Shoulder-Elbow-Wrist-Hand in rowwise):
0 0 0
0.13299 -0.10169 -0.143911
0.276421 0.0928017 -0.205463
0.298038 0.160741 -0.20871
Rotation matrix (Shoulder = R*Shoulder0):
0.629038 0.491347 -0.602403
-0.228766 0.857609 0.460622
0.742952 -0.151939 0.651872
Rotation matrix (shoulder to wrist):
0.98854 0.00185841 -0.150947
0.149219 -0.163372 0.975214
-0.0228483 -0.986563 -0.161778
Rotate angles XYZ (Shoulder = R*Shoulder0):
 144.754 -142.958  142.006
Rotate angles XYZ shoulder to wrist:
  80.581 -171.318  179.892
Flexion angle: 98.5186

frame: 68
Joints (Shoulder-Elbow-Wrist-Hand in rowwise):
0 0 0
0.131307 -0.101365 -0.144048
0.27419 0.0998835 -0.20702
0.296755 0.163891 -0.208164
Rotation matrix (Shoulder = R*Shoulder0):
0.637746 0.48586 -0.597678
-0.222003 0.858975 0.461385
0.737559 -0.16156 0.655671
Rotation matrix (shoulder to wrist):
0.990531 0.00674156 -0.137123
0.137257 -0.0269244 0.99017
0.00298332 -0.999615 -0.0275948
Rotate angles XYZ (Shoulder = R*Shoulder0):
 144.867 -143.296  142.698
Rotate angles XYZ shoulder to wrist:
 88.4037 -172.119   179.61
Flexion angle: 97.633

frame: 69
Joints (Shoulder-Elbow-Wrist-Hand in rowwise):
0 0 0
0.133874 -0.100323 -0.141828
0.276355 0.101393 -0.205718
0.299101 0.164787 -0.208203
Rotation matrix (Shoulder = R*Shoulder0):
0.632253 0.477146 -0.6104
-0.210423 0.863995 0.457422
0.745639 -0.160765 0.646666
Rotation matrix (shoulder to wrist):
0.991282 0.0108213 -0.13131
0.131617 -0.0356725 0.990659
0.00603611 -0.999305 -0.0367857
Rotate angles XYZ (Shoulder = R*Shoulder0):
 144.726 -142.382  142.959
Rotate angles XYZ shoulder to wrist:
 87.8734 -172.455  179.375
Flexion angle: 98.1167

frame: 70
Joints (Shoulder-Elbow-Wrist-Hand in rowwise):
0 0 0
0.138211 -0.0961331 -0.143883
0.275046 0.104197 -0.20653
0.298024 0.169113 -0.207886
Rotation matrix (Shoulder = R*Shoulder0):
0.635783 0.454208 -0.62408
-0.201237 0.87811 0.434081
0.745173 -0.150393 0.649691
Rotation matrix (shoulder to wrist):
0.994891 0.0098806 -0.100475
0.100266 0.0197354 0.994765
0.0118118 -0.999756 0.0186438
Rotate angles XYZ (Shoulder = R*Shoulder0):
 146.252 -141.385  144.458
Rotate angles XYZ shoulder to wrist:
 91.0737 -174.233  179.431
Flexion angle: 98.9864

frame: 71
Joints (Shoulder-Elbow-Wrist-Hand in rowwise):
0 0 0
0.136216 -0.0947884 -0.143072
0.274173 0.104522 -0.205487
0.295771 0.172197 -0.208185
Rotation matrix (Shoulder = R*Shoulder0):
0.636111 0.457033 -0.621678
-0.207575 0.877362 0.432607
0.743152 -0.146141 0.652968
Rotation matrix (shoulder to wrist):
0.993892 0.0184711 -0.108803
0.110065 -0.0938824 0.989481
0.00806209 -0.995412 -0.095342
Rotate angles XYZ (Shoulder = R*Shoulder0):
 146.475 -141.561  144.304
Rotate angles XYZ shoulder to wrist:
 84.4962 -173.754  178.935
Flexion angle: 99.2646

frame: 72
Joints (Shoulder-Elbow-Wrist-Hand in rowwise):
0 0 0
0.134754 -0.0926255 -0.1432
0.274102 0.109697 -0.206905
0.293785 0.175231 -0.207277
Rotation matrix (Shoulder = R*Shoulder0):
0.641079 0.452398 -0.619963
-0.20902 0.880178 0.426143
0.738464 -0.143607 0.658823
Rotation matrix (shoulder to wrist):
0.994654 0.0120652 -0.102559
0.10307 -0.0547762 0.993165
0.00636488 -0.998426 -0.0557269
Rotate angles XYZ (Shoulder = R*Shoulder0):
 147.104 -141.687   144.79
Rotate angles XYZ shoulder to wrist:
 86.7885 -174.113  179.305
Flexion angle: 99.5583

frame: 73
Joints (Shoulder-Elbow-Wrist-Hand in rowwise):
0 0 0
0.136109 -0.093556 -0.146577
0.274214 0.107355 -0.207093
0.291938 0.176802 -0.207906
Rotation matrix (Shoulder = R*Shoulder0):
0.641213 0.457094 -0.61637
-0.219263 0.87888 0.423668
0.73537 -0.136514 0.663773
Rotation matrix (shoulder to wrist):
0.994614 0.0222937 -0.101226
0.103466 -0.155028 0.982477
0.00621014 -0.987659 -0.156499
Rotate angles XYZ (Shoulder = R*Shoulder0):
 147.451 -141.948  144.517
Rotate angles XYZ shoulder to wrist:
80.9494 -174.19 178.716
Flexion angle: 99.2026

frame: 74
Joints (Shoulder-Elbow-Wrist-Hand in rowwise):
0 0 0
0.136501 -0.0919247 -0.144489
0.272 0.114644 -0.207224
0.290552 0.180646 -0.208348
Rotation matrix (Shoulder = R*Shoulder0):
0.64568 0.441126 -0.623302
-0.199695 0.885398 0.419753
0.737034 -0.146556 0.659774
Rotation matrix (shoulder to wrist):
0.995161 0.0435399 -0.0880855
0.0913844 -0.0807028 0.99254
0.0361063 -0.995787 -0.0842912
Rotate angles XYZ (Shoulder = R*Shoulder0):
 147.535 -141.442  145.659
Rotate angles XYZ shoulder to wrist:
 85.1458 -174.947  177.495
Flexion angle: 98.8332

frame: 75
Joints (Shoulder-Elbow-Wrist-Hand in rowwise):
0 0 0
0.135594 -0.090567 -0.144205
0.274083 0.115375 -0.206692
0.289917 0.185361 -0.208299
Rotation matrix (Shoulder = R*Shoulder0):
0.643398 0.444989 -0.622915
-0.209229 0.884939 0.416061
0.736384 -0.137361 0.662473
Rotation matrix (shoulder to wrist):
0.994899 0.0412733 -0.0920436
0.0982658 -0.190406 0.976775
0.0227891 -0.980837 -0.193491
Rotate angles XYZ (Shoulder = R*Shoulder0):
 147.869 -141.471  145.331
Rotate angles XYZ shoulder to wrist:
 78.7953 -174.719  177.624
Flexion angle: 99.4407

frame: 76
Joints (Shoulder-Elbow-Wrist-Hand in rowwise):
0 0 0
0.139058 -0.0911132 -0.144877
0.271769 0.119607 -0.206928
0.288746 0.186675 -0.207391
Rotation matrix (Shoulder = R*Shoulder0):
0.64622 0.429821 -0.630598
-0.189283 0.890761 0.413178
0.739305 -0.147643 0.656985
Rotation matrix (shoulder to wrist):
0.995328 0.0642765 -0.0720492
0.0770246 -0.0786169 0.993925
0.0582218 -0.994831 -0.0832004
Rotate angles XYZ (Shoulder = R*Shoulder0):
 147.834 -140.906  146.371
