frameNumber: 206
frame: 5
Joints (Shoulder-Elbow-Wrist-Hand in rowwise):
0 0 0
0.0363527 -0.0550508 -0.220669
0.237964 0.0331057 -0.269694
0.298871 0.0493423 -0.259056
Rotation matrix (Shoulder = R*Shoulder0):
0.44135 0.883345 -0.157836
-0.85088 0.467838 0.239019
0.284978 0.0288082 0.958101
Rotation matrix (shoulder to wrist):
0.38973 -0.101617 0.915306
-0.884907 0.233937 0.402758
-0.255051 -0.966927 0.00125041
Rotate angles XYZ (Shoulder = R*Shoulder0):
 165.992 -170.919  116.548
Rotate angles YZX J4 to wrist:
 33.2019   -62.24 -59.8504
Flexion angle: 104.835

frame: 6
Joints (Shoulder-Elbow-Wrist-Hand in rowwise):
0 0 0
0.0363241 -0.0559287 -0.221542
0.236573 0.0327607 -0.267193
0.297555 0.0487575 -0.259147
Rotation matrix (Shoulder = R*Shoulder0):
0.441863 0.883237 -0.157002
-0.849929 0.46817 0.241737
0.287015 0.0266256 0.957556
Rotation matrix (shoulder to wrist):
0.341451 -0.0786381 0.936604
-0.885581 0.306936 0.34862
-0.314892 -0.948476 0.035163
Rotate angles XYZ (Shoulder = R*Shoulder0):
 165.832 -170.967  116.578
Rotate angles YZX J4 to wrist:
 42.6828 -62.3231 -48.6384
Flexion angle: 103.892

frame: 7
Joints (Shoulder-Elbow-Wrist-Hand in rowwise):
0 0 0
0.0371936 -0.0570782 -0.220816
0.240201 0.0291457 -0.268759
0.298326 0.0485266 -0.259332
Rotation matrix (Shoulder = R*Shoulder0):
0.431582 0.887599 -0.160951
-0.853092 0.459592 0.246999
0.293208 0.0307054 0.955556
Rotation matrix (shoulder to wrist):
0.462926 -0.115568 0.878831
-0.875794 0.0932573 0.47359
-0.136689 -0.988912 -0.0580429
Rotate angles XYZ (Shoulder = R*Shoulder0):
 165.507 -170.738  115.931
Rotate angles YZX J4 to wrist:
 16.4504 -61.1391 -78.8601
Flexion angle: 104.677

frame: 8
Joints (Shoulder-Elbow-Wrist-Hand in rowwise):
0 0 0
0.0364332 -0.0578322 -0.219556
0.238132 0.031154 -0.269985
0.29907 0.0489251 -0.259478
Rotation matrix (Shoulder = R*Shoulder0):
0.446573 0.880607 -0.15844
-0.844202 0.473361 0.2515
0.296472 0.0214423 0.954801
Rotation matrix (shoulder to wrist):
0.415253 -0.0920609 0.905036
-0.885703 0.186114 0.425314
-0.207594 -0.978206 -0.00425441
Rotate angles XYZ (Shoulder = R*Shoulder0):
 165.243 -170.884   116.89
Rotate angles YZX J4 to wrist:
 26.5615 -62.3382 -66.3662
Flexion angle: 104.789

frame: 9
Joints (Shoulder-Elbow-Wrist-Hand in rowwise):
0 0 0
0.0370634 -0.057445 -0.219643
0.238546 0.0328991 -0.268936
0.29994 0.0483289 -0.258703
Rotation matrix (Shoulder = R*Shoulder0):
0.450189 0.878277 -0.16112
-0.842349 0.477585 0.249721
0.296273 0.023297 0.954819
Rotation matrix (shoulder to wrist):
0.360117 -0.0728384 0.930059
-0.88704 0.28202 0.365547
-0.288921 -0.95664 0.0369496
Rotate angles XYZ (Shoulder = R*Shoulder0):
 165.343 -170.728  117.139
Rotate angles YZX J4 to wrist:
   38.74 -62.5036 -52.3497
Flexion angle: 104.584

frame: 10
Joints (Shoulder-Elbow-Wrist-Hand in rowwise):
0 0 0
0.0346556 -0.0565099 -0.219121
0.233206 0.0357722 -0.267198
0.296855 0.0503718 -0.258605
Rotation matrix (Shoulder = R*Shoulder0):
0.46017 0.87483 -0.151382
-0.83939 0.484243 0.246845
0.289253 0.0134777 0.957158
Rotation matrix (shoulder to wrist):
0.30221 -0.0474468 0.95206
-0.876882 0.377842 0.297176
-0.373829 -0.924653 0.0725824
Rotate angles XYZ (Shoulder = R*Shoulder0):
 165.539 -171.293  117.745
Rotate angles YZX J4 to wrist:
 51.0473 -61.2685 -38.1853
Flexion angle: 103.754

frame: 11
Joints (Shoulder-Elbow-Wrist-Hand in rowwise):
0 0 0
0.0354846 -0.0565335 -0.220347
0.236883 0.0339788 -0.268634
0.298647 0.0481332 -0.259636
Rotation matrix (Shoulder = R*Shoulder0):
0.449239 0.880017 -0.154124
-0.845302 0.474521 0.245547
0.289221 0.0199719 0.957054
Rotation matrix (shoulder to wrist):
0.323165 -0.0664711 0.944005
-0.878891 0.348775 0.325433
-0.350877 -0.934846 0.054291
Rotate angles XYZ (Shoulder = R*Shoulder0):
  165.61 -171.134  117.044
Rotate angles YZX J4 to wrist:
 47.3543 -61.5089 -43.0171
Flexion angle: 104.091

frame: 12
Joints (Shoulder-Elbow-Wrist-Hand in rowwise):
0 0 0
0.0348535 -0.0571616 -0.220019
0.233848 0.0348038 -0.268149
0.296656 0.0498946 -0.259111
Rotation matrix (Shoulder = R*Shoulder0):
0.458449 0.875704 -0.15155
-0.839796 0.482665 0.248551
0.290805 0.0133234 0.956689
Rotation matrix (shoulder to wrist):
0.319117 -0.0542155 0.946163
-0.882611 0.346645 0.317545
-0.345199 -0.936428 0.062769
Rotate angles XYZ (Shoulder = R*Shoulder0):
 165.436 -171.283  117.633
Rotate angles YZX J4 to wrist:
 47.2484  -61.959 -42.4913
Flexion angle: 103.75

frame: 13
Joints (Shoulder-Elbow-Wrist-Hand in rowwise):
0 0 0
0.0331828 -0.0558391 -0.220945
0.233049 0.0348064 -0.267902
0.295958 0.0499115 -0.259139
Rotation matrix (Shoulder = R*Shoulder0):
0.450423 0.881112 -0.144088
-0.847191 0.472734 0.242468
0.281757 0.012857 0.9594
Rotation matrix (shoulder to wrist):
0.318607 -0.0688225 0.945385
-0.879878 0.349497 0.321973
-0.352569 -0.934406 0.0507969
Rotate angles XYZ (Shoulder = R*Shoulder0):
 165.817 -171.716  117.076
Rotate angles YZX J4 to wrist:
 47.8967 -61.6276 -42.6527
Flexion angle: 103.363

frame: 14
Joints (Shoulder-Elbow-Wrist-Hand in rowwise):
0 0 0
0.0359522 -0.0579782 -0.220228
0.234686 0.0338265 -0.268261
0.298149 0.0483323 -0.25834
Rotation matrix (Shoulder = R*Shoulder0):
0.458573 0.874868 -0.155939
-0.838087 0.484118 0.251475
0.295501 0.0153709 0.955219
Rotation matrix (shoulder to wrist):
0.31539 -0.0479653 0.947749
-0.882124 0.353363 0.311435
-0.349838 -0.934256 0.069136
Rotate angles XYZ (Shoulder = R*Shoulder0):
 165.251 -171.029  117.662
Rotate angles YZX J4 to wrist:
 47.9643 -61.8996 -41.3912
Flexion angle: 103.886

frame: 15
Joints (Shoulder-Elbow-Wrist-Hand in rowwise):
0 0 0
0.0363781 -0.0583132 -0.221237
0.237005 0.0316047 -0.268309
0.299189 0.0472324 -0.259325
Rotation matrix (Shoulder = R*Shoulder0):
0.447631 0.880323 -0.157028
-0.843803 0.47396 0.251712
0.296012 0.0198267 0.954978
Rotation matrix (shoulder to wrist):
0.338394 -0.0648977 0.938764
-0.885974 0.314183 0.341085
-0.317079 -0.947142 0.04882
Rotate angles XYZ (Shoulder = R*Shoulder0):
 165.234 -170.966  116.953
Rotate angles YZX J4 to wrist:
 43.1375 -62.3716  -47.351
Flexion angle: 103.85

frame: 16
Joints (Shoulder-Elbow-Wrist-Hand in rowwise):
0 0 0
0.0340443 -0.0576379 -0.220344
0.233479 0.0338771 -0.266118
0.297563 0.0492791 -0.25785
Rotation matrix (Shoulder = R*Shoulder0):
0.453347 0.878989 -0.147833
-0.842675 0.476713 0.250286
0.290472 0.0111092 0.956819
Rotation matrix (shoulder to wrist):
0.300319 -0.0473744 0.952661
-0.879147 0.373693 0.295728
-0.370013 -0.926342 0.0705782
Rotate angles XYZ (Shoulder = R*Shoulder0):
 165.341 -171.499  117.283
Rotate angles YZX J4 to wrist:
 50.9356 -61.5396 -38.3569
Flexion angle: 102.987

frame: 17
Joints (Shoulder-Elbow-Wrist-Hand in rowwise):
0 0 0
0.0362513 -0.0621497 -0.220982
0.236173 0.0287476 -0.268276
0.298361 0.0462101 -0.259069
Rotation matrix (Shoulder = R*Shoulder0):
0.453273 0.877617 -0.155986
-0.83593 0.479275 0.267425
0.309457 0.00917713 0.950869
Rotation matrix (shoulder to wrist):
0.362196 -0.0532308 0.930581
-0.894302 0.261583 0.363039
-0.262749 -0.963712 0.0471401
Rotate angles XYZ (Shoulder = R*Shoulder0):
 164.292 -171.026  117.316
Rotate angles YZX J4 to wrist:
 35.9584  -63.419 -54.2258
Flexion angle: 103.343

frame: 18
Joints (Shoulder-Elbow-Wrist-Hand in rowwise):
0 0 0
0.036353 -0.0629962 -0.220061
0.233608 0.0296033 -0.267063
0.296462 0.0464668 -0.25877
Rotation matrix (Shoulder = R*Shoulder0):
0.463725 0.871985 -0.15685
-0.828549 0.489518 0.271806
0.313792 0.00391468 0.949484
Rotation matrix (shoulder to wrist):
0.325211 -0.0259498 0.945285
-0.892952 0.320588 0.316007
-0.311247 -0.946863 0.0810865
Rotate angles XYZ (Shoulder = R*Shoulder0):
 164.025 -170.976  118.004
Rotate angles YZX J4 to wrist:
 43.7432 -63.2466 -44.5877
Flexion angle: 103.066

frame: 19
Joints (Shoulder-Elbow-Wrist-Hand in rowwise):
0 0 0
0.0380688 -0.064439 -0.220562
0.237638 0.0281355 -0.266908
0.297572 0.0469712 -0.260286
Rotation matrix (Shoulder = R*Shoulder0):
0.458872 0.87334 -0.163445
-0.828403 0.487038 0.276664
0.321226 0.00844538 0.946965
Rotation matrix (shoulder to wrist):
0.36133 -0.0324937 0.931872
-0.90041 0.247526 0.357761
-0.242287 -0.968336 0.0601808
Rotate angles XYZ (Shoulder = R*Shoulder0):
 163.714 -170.593  117.718
Rotate angles YZX J4 to wrist:
 33.8436  -64.212 -55.3216
Flexion angle: 103.084

frame: 20
Joints (Shoulder-Elbow-Wrist-Hand in rowwise):
0 0 0
0.0339542 -0.0628505 -0.220059
0.235397 0.0314086 -0.267538
0.295176 0.0489507 -0.259037
Rotation matrix (Shoulder = R*Shoulder0):
0.46184 0.874738 -0.146757
-0.831494 0.484585 0.271652
0.30874 -0.00343267 0.95114
Rotation matrix (shoulder to wrist):
0.352757 -0.0407804 0.934826
-0.89821 0.265256 0.350512
-0.262262 -0.963315 0.0569416
Rotate angles XYZ (Shoulder = R*Shoulder0):
  164.06 -171.561  117.833
Rotate angles YZX J4 to wrist:
 36.6294 -63.9238 -52.8827
Flexion angle: 102.473

frame: 21
Joints (Shoulder-Elbow-Wrist-Hand in rowwise):
0 0 0
0.0365003 -0.065853 -0.218554
0.236338 0.0301868 -0.265961
0.297637 0.047652 -0.260148
Rotation matrix (Shoulder = R*Shoulder0):
0.471199 0.867778 -0.157901
-0.819698 0.496929 0.284881
0.325679 -0.00480481 0.945468
Rotation matrix (shoulder to wrist):
0.305087 0.00223273 0.952322
-0.893786 0.345867 0.285523
-0.328739 -0.938281 0.107515
Rotate angles XYZ (Shoulder = R*Shoulder0):
 163.232 -170.915  118.502
Rotate angles YZX J4 to wrist:
 47.1371 -63.3529 -39.5407
Flexion angle: 102.485

frame: 22
Joints (Shoulder-Elbow-Wrist-Hand in rowwise):
0 0 0
0.0404309 -0.0691174 -0.219688
0.236705 0.030372 -0.265695
0.29647 0.0487287 -0.261688
Rotation matrix (Shoulder = R*Shoulder0):
0.487414 0.855879 -0.17291
-0.803232 0.517149 0.295593
0.342412 -0.00518931 0.939535
Rotation matrix (shoulder to wrist):
0.270966 0.052163 0.961175
-0.895241 0.38059 0.231723
-0.353726 -0.923272 0.149825
Rotate angles XYZ (Shoulder = R*Shoulder0):
 162.536 -170.043  119.661
Rotate angles YZX J4 to wrist:
 52.5467 -63.5393 -31.3353
Flexion angle: 102.265

frame: 23
Joints (Shoulder-Elbow-Wrist-Hand in rowwise):
0 0 0
0.0417003 -0.071359 -0.217726
0.237168 0.0292194 -0.265731
0.29594 0.0460258 -0.26045
Rotation matrix (Shoulder = R*Shoulder0):
0.495192 0.850131 -0.179059
-0.793051 0.526481 0.306412
0.354761 -0.00972985 0.934906
Rotation matrix (shoulder to wrist):
0.269069 0.0688905 0.960654
-0.895769 0.384343 0.223333
-0.353835 -0.920616 0.165125
Rotate angles XYZ (Shoulder = R*Shoulder0):
 161.854 -169.685   120.22
Rotate angles YZX J4 to wrist:
 52.7494 -63.6074 -30.1599
Flexion angle: 102.594

frame: 24
Joints (Shoulder-Elbow-Wrist-Hand in rowwise):
0 0 0
0.044915 -0.0760283 -0.212035
0.239451 0.0287507 -0.265501
0.295473 0.046573 -0.260944
Rotation matrix (Shoulder = R*Shoulder0):
0.517428 0.833084 -0.195548
-0.76481 0.55272 0.331008
0.383841 -0.0217155 0.923144
Rotation matrix (shoulder to wrist):
0.294534 0.102284 0.950151
-0.911619 0.328363 0.247241
-0.286706 -0.938997 0.189958
Rotate angles XYZ (Shoulder = R*Shoulder0):
 160.274 -168.723  121.844
Rotate angles YZX J4 to wrist:
 44.2284 -65.7301  -36.978
Flexion angle: 103.408

frame: 25
Joints (Shoulder-Elbow-Wrist-Hand in rowwise):
0 0 0
0.0445252 -0.076861 -0.210573
0.236996 0.030243 -0.263649
0.294913 0.0522445 -0.260736
Rotation matrix (Shoulder = R*Shoulder0):
0.527548 0.826884 -0.194824
-0.756002 0.561565 0.336312
0.387497 -0.0301335 0.921378
Rotation matrix (shoulder to wrist):
0.312014 0.115116 0.943078
-0.922727 0.273177 0.271936
-0.226322 -0.955051 0.191456
Rotate angles XYZ (Shoulder = R*Shoulder0):
 159.947 -168.766  122.538
Rotate angles YZX J4 to wrist:
 35.9556 -67.3281 -44.8696
Flexion angle: 102.848

frame: 26
Joints (Shoulder-Elbow-Wrist-Hand in rowwise):
0 0 0
0.048095 -0.0859854 -0.207759
0.238246 0.0262329 -0.264098
0.298153 0.0502616 -0.259218
Rotation matrix (Shoulder = R*Shoulder0):
0.550145 0.808449 -0.209167
-0.718897 0.585957 0.373954
0.424886 -0.0553594 0.903553
Rotation matrix (shoulder to wrist):
0.317719 0.177175 0.931484
-0.93417 0.226774 0.275501
-0.162424 -0.957697 0.237562
Rotate angles XYZ (Shoulder = R*Shoulder0):
 157.517 -167.926  124.235
Rotate angles YZX J4 to wrist:
  27.077 -69.0944 -50.5412
Flexion angle: 102.344

frame: 27
Joints (Shoulder-Elbow-Wrist-Hand in rowwise):
0 0 0
0.0520237 -0.0916767 -0.205096
0.239306 0.0271221 -0.263196
0.297516 0.0514503 -0.255741
Rotation matrix (Shoulder = R*Shoulder0):
0.573635 0.78743 -0.225603
-0.683696 0.611968 0.39756
0.451113 -0.0738104 0.889409
Rotation matrix (shoulder to wrist):
0.302562 0.238862 0.922714
-0.94455 0.20474 0.256722
-0.127596 -0.949224 0.287564
Rotate angles XYZ (Shoulder = R*Shoulder0):
 155.916 -166.962  126.073
Rotate angles YZX J4 to wrist:
  22.866 -70.8303  -51.427
Flexion angle: 101.752

frame: 28
Joints (Shoulder-Elbow-Wrist-Hand in rowwise):
0 0 0
0.0568538 -0.0957389 -0.203935
0.242583 0.0257462 -0.259298
0.301176 0.0516133 -0.252478
Rotation matrix (Shoulder = R*Shoulder0):
0.576655 0.779485 -0.244688
-0.665879 0.621954 0.412042
0.473365 -0.0746735 0.877696
Rotation matrix (shoulder to wrist):
0.277512 0.281778 0.918471
-0.951709 0.21128 0.222736
-0.131292 -0.935928 0.326803
Rotate angles XYZ (Shoulder = R*Shoulder0):
 154.852 -165.837  126.494
Rotate angles YZX J4 to wrist:
  25.319 -72.1213 -46.5121
Flexion angle: 101.086

frame: 29
Joints (Shoulder-Elbow-Wrist-Hand in rowwise):
0 0 0
0.0604177 -0.0966584 -0.198227
0.246137 0.025664 -0.252507
0.301381 0.0532348 -0.247275
Rotation matrix (Shoulder = R*Shoulder0):
0.574388 0.774768 -0.264221
-0.653081 0.628332 0.422711
0.493521 -0.0702421 0.866893
Rotation matrix (shoulder to wrist):
0.297464 0.307932 0.903711
-0.953483 0.144244 0.264697
-0.0488465 -0.94041 0.336516
Rotate angles XYZ (Shoulder = R*Shoulder0):
 154.005 -164.679  126.552
Rotate angles YZX J4 to wrist:
 9.32531 -72.4554 -61.4122
Flexion angle: 101.189

frame: 30
Joints (Shoulder-Elbow-Wrist-Hand in rowwise):
0 0 0
0.0628384 -0.104909 -0.193187
0.249354 0.0171405 -0.250024
0.303187 0.0504392 -0.241099
Rotation matrix (Shoulder = R*Shoulder0):
0.571895 0.772918 -0.274836
-0.62842 0.628135 0.458841
0.527281 -0.0896963 0.844944
Rotation matrix (shoulder to wrist):
0.395388 0.355717 0.846837
-0.889606 -0.081178 0.449456
0.228624 -0.931062 0.284351
Rotate angles XYZ (Shoulder = R*Shoulder0):
 151.496 -164.048  126.498
Rotate angles YZX J4 to wrist:
 149.962 -117.176   79.762
Flexion angle: 100.846

frame: 31
Joints (Shoulder-Elbow-Wrist-Hand in rowwise):
0 0 0
0.0621026 -0.103082 -0.191236
0.247243 0.0192884 -0.247588
0.302182 0.0526593 -0.238206
Rotation matrix (Shoulder = R*Shoulder0):
0.574714 0.770819 -0.27485
-0.62775 0.630715 0.456212
0.525009 -0.0896543 0.846362
Rotation matrix (shoulder to wrist):
0.381222 0.355423 0.853431
-0.902248 -0.0582123 0.427271
0.201542 -0.932891 0.298488
Rotate angles XYZ (Shoulder = R*Shoulder0):
 151.674 -164.047  126.708
Rotate angles YZX J4 to wrist:
 152.136 -115.545  82.2417
Flexion angle: 100.761

frame: 32
Joints (Shoulder-Elbow-Wrist-Hand in rowwise):
0 0 0
0.0662617 -0.111529 -0.188621
0.253505 0.0142003 -0.245638
0.307963 0.047729 -0.237216
Rotation matrix (Shoulder = R*Shoulder0):
0.573213 0.766582 -0.289445
-0.601149 0.63346 0.487184
0.556818 -0.105261 0.823938
Rotation matrix (shoulder to wrist):
0.364378 0.399171 0.841363
-0.907449 -0.0507671 0.417084
0.209201 -0.91547 0.343729
Rotate angles XYZ (Shoulder = R*Shoulder0):
 149.405 -163.175  126.787
Rotate angles YZX J4 to wrist:
 150.138 -114.845  83.0601
Flexion angle: 99.8811

frame: 33
Joints (Shoulder-Elbow-Wrist-Hand in rowwise):
0 0 0
0.0735708 -0.117396 -0.186643
0.255698 0.0157012 -0.243384
0.31007 0.0460427 -0.235146
Rotation matrix (Shoulder = R*Shoulder0):
0.58976 0.74297 -0.316511
-0.558221 0.658264 0.505052
0.583586 -0.121176 0.802959
Rotation matrix (shoulder to wrist):
0.259499 0.46049 0.848887
-0.965157 0.0930325 0.244576
0.0336506 -0.882776 0.468587
Rotate angles XYZ (Shoulder = R*Shoulder0):
 147.831 -161.548  128.442
Rotate angles YZX J4 to wrist:
 172.611 -105.169  110.826
Flexion angle: 98.8999

frame: 34
Joints (Shoulder-Elbow-Wrist-Hand in rowwise):
0 0 0
0.0736777 -0.120391 -0.181729
0.256072 0.0116017 -0.240465
0.306811 0.0495178 -0.233084
Rotation matrix (Shoulder = R*Shoulder0):
0.587051 0.743537 -0.320193
-0.544725 0.655389 0.523201
0.598871 -0.132728 0.78977
Rotation matrix (shoulder to wrist):
0.363283 0.499702 0.786335
-0.85725 -0.151275 0.492178
0.364895 -0.852886 0.373414
Rotate angles XYZ (Shoulder = R*Shoulder0):
 146.477 -161.325  128.292
Rotate angles YZX J4 to wrist:
 134.873 -120.991  72.9148
Flexion angle: 98.8335

frame: 35
Joints (Shoulder-Elbow-Wrist-Hand in rowwise):
0 0 0
0.0812504 -0.125978 -0.177102
0.259857 0.00689056 -0.239837
0.308719 0.0476713 -0.232556
Rotation matrix (Shoulder = R*Shoulder0):
0.593968 0.72428 -0.350174
-0.50138 0.673672 0.542941
0.629143 -0.146919 0.763278
Rotation matrix (shoulder to wrist):
0.370732 0.566829 0.735706
-0.798997 -0.209172 0.563783
0.473458 -0.796838 0.375348
Rotate angles XYZ (Shoulder = R*Shoulder0):
 144.575 -159.502  129.355
Rotate angles YZX J4 to wrist:
 128.062 -126.966  69.6444
Flexion angle: 99.5291

frame: 36
Joints (Shoulder-Elbow-Wrist-Hand in rowwise):
0 0 0
0.0875379 -0.128704 -0.176481
0.258443 0.00406947 -0.237926
0.308976 0.0474348 -0.231013
Rotation matrix (Shoulder = R*Shoulder0):
0.600193 0.708083 -0.372004
-0.474607 0.689638 0.546944
0.64383 -0.151716 0.749977
Rotation matrix (shoulder to wrist):
0.339891 0.601879 0.722645
-0.814331 -0.196038 0.546292
0.470467 -0.774152 0.423496
Rotate angles XYZ (Shoulder = R*Shoulder0):
 143.897 -158.161  130.286
Rotate angles YZX J4 to wrist:
 125.846 -125.479  70.2593
Flexion angle: 99.4765

frame: 37
Joints (Shoulder-Elbow-Wrist-Hand in rowwise):
0 0 0
0.0891784 -0.131549 -0.171874
0.263873 0.00159055 -0.237914
0.309445 0.0470899 -0.227272
Rotation matrix (Shoulder = R*Shoulder0):
0.597264 0.705796 -0.380957
-0.456612 0.689717 0.561957
0.659379 -0.161687 0.734218
Rotation matrix (shoulder to wrist):
0.375811 0.641332 0.668924
-0.703105 -0.272883 0.656642
0.603664 -0.717097 0.348372
Rotate angles XYZ (Shoulder = R*Shoulder0):
  142.57 -157.607  130.239
Rotate angles YZX J4 to wrist:
 121.904 -135.323  67.4335
Flexion angle: 100.099

frame: 38
Joints (Shoulder-Elbow-Wrist-Hand in rowwise):
0 0 0
0.0892608 -0.136978 -0.167445
0.263469 0.000404115 -0.230099
0.31138 0.0416362 -0.224053
Rotation matrix (Shoulder = R*Shoulder0):
0.590767 0.710998 -0.381413
-0.440983 0.6804 0.585311
0.675669 -0.177586 0.715496
Rotation matrix (shoulder to wrist):
0.317745 0.641538 0.698189
-0.824521 -0.176646 0.537551
0.468192 -0.746475 0.472833
Rotate angles XYZ (Shoulder = R*Shoulder0):
 140.715 -157.579  129.723
Rotate angles YZX J4 to wrist:
124.163 -124.46 71.8088
Flexion angle: 97.6932

frame: 39
Joints (Shoulder-Elbow-Wrist-Hand in rowwise):
0 0 0
0.091618 -0.142454 -0.163699
0.268667 0.000122343 -0.226729
0.312315 0.0414889 -0.216171
Rotation matrix (Shoulder = R*Shoulder0):
0.585313 0.711425 -0.388951
-0.420319 0.676451 0.604769
0.693354 -0.190496 0.694961
Rotation matrix (shoulder to wrist):
0.310062 0.676235 0.668257
-0.793767 -0.202725 0.573442
0.523254 -0.708243 0.473916
Rotate angles XYZ (Shoulder = R*Shoulder0):
  138.97 -157.111  129.445
Rotate angles YZX J4 to wrist:
 120.649 -127.461  70.5304
Flexion angle: 96.4355

frame: 40
Joints (Shoulder-Elbow-Wrist-Hand in rowwise):
0 0 0
0.0941375 -0.144387 -0.162801
0.266566 -0.00122659 -0.219099
0.314191 0.0449807 -0.209519
Rotation matrix (Shoulder = R*Shoulder0):
0.575924 0.714608 -0.397047
-0.4172 0.674596 0.608986
0.703033 -0.185082 0.686651
Rotation matrix (shoulder to wrist):
0.286512 0.691707 0.662912
-0.800824 -0.206915 0.562021
0.52592 -0.691902 0.494652
Rotate angles XYZ (Shoulder = R*Shoulder0):
  138.43 -156.606  128.866
Rotate angles YZX J4 to wrist:
 118.581 -126.791  69.7882
Flexion angle: 94.9494

frame: 41
Joints (Shoulder-Elbow-Wrist-Hand in rowwise):
0 0 0
0.100737 -0.144694 -0.160971
0.271514 0.000936937 -0.213669
0.316959 0.0442619 -0.203328
Rotation matrix (Shoulder = R*Shoulder0):
0.566452 0.707873 -0.421958
-0.404434 0.684912 0.606077
0.718029 -0.172659 0.674257
Rotation matrix (shoulder to wrist):
0.253343 0.707877 0.659338
-0.843529 -0.172013 0.508792
0.473577 -0.68507 0.553537
Rotate angles XYZ (Shoulder = R*Shoulder0):
 138.048 -155.042  128.667
Rotate angles YZX J4 to wrist:
 118.145 -122.485  71.3206
Flexion angle: 94.8094

frame: 42
Joints (Shoulder-Elbow-Wrist-Hand in rowwise):
0 0 0
0.103358 -0.144002 -0.158774
0.27573 0.00229406 -0.211687
0.320311 0.0464428 -0.19744
Rotation matrix (Shoulder = R*Shoulder0):
0.560721 0.704942 -0.434338
-0.398059 0.689465 0.605134
0.726045 -0.166419 0.667206
Rotation matrix (shoulder to wrist):
0.257863 0.716586 0.648083
-0.828034 -0.181735 0.530408
0.497862 -0.673407 0.546494
Rotate angles XYZ (Shoulder = R*Shoulder0):
 137.793 -154.257  128.499
Rotate angles YZX J4 to wrist:
 117.381 -124.103  71.0868
Flexion angle: 95.3483

frame: 43
Joints (Shoulder-Elbow-Wrist-Hand in rowwise):
0 0 0
0.10542 -0.148596 -0.15601
0.278214 -0.00409934 -0.210407
0.322611 0.0441406 -0.196251
Rotation matrix (Shoulder = R*Shoulder0):
0.553469 0.707465 -0.439506
-0.383537 0.684915 0.619508
0.739305 -0.174312 0.650418
Rotation matrix (shoulder to wrist):
0.281553 0.73813 0.6131
-0.752551 -0.226546 0.618339
0.59531 -0.635484 0.491696
Rotate angles XYZ (Shoulder = R*Shoulder0):
 136.394 -153.928  128.037
Rotate angles YZX J4 to wrist:
 115.312 -131.188  69.8783
Flexion angle: 95.4002

frame: 44
Joints (Shoulder-Elbow-Wrist-Hand in rowwise):
0 0 0
0.108444 -0.144966 -0.154215
0.279094 0.00196732 -0.20565
0.320664 0.0495663 -0.193756
Rotation matrix (Shoulder = R*Shoulder0):
0.550632 0.699194 -0.455995
-0.379192 0.696164 0.609565
0.743652 -0.162737 0.648459
Rotation matrix (shoulder to wrist):
0.268519 0.753535 0.600068
-0.730523 -0.246749 0.636751
0.627881 -0.609343 0.484218
Rotate angles XYZ (Shoulder = R*Shoulder0):
 136.771 -152.871  128.221
Rotate angles YZX J4 to wrist:
113.154 -133.07  68.818
Flexion angle: 95.3665

frame: 45
Joints (Shoulder-Elbow-Wrist-Hand in rowwise):
0 0 0
0.113497 -0.148658 -0.152138
0.282811 -0.00381909 -0.201223
0.322896 0.0481175 -0.189968
Rotation matrix (Shoulder = R*Shoulder0):
0.535601 0.701084 -0.470758
-0.368631 0.695646 0.616594
0.759765 -0.156712 0.63103
Rotation matrix (shoulder to wrist):
0.285989 0.778825 0.558249
-0.616921 -0.296132 0.729187
0.733225 -0.552935 0.395783
Rotate angles XYZ (Shoulder = R*Shoulder0):
 135.663 -151.916  127.378
Rotate angles YZX J4 to wrist:
 111.308 -141.908  67.8973
Flexion angle: 95.3753

frame: 46
Joints (Shoulder-Elbow-Wrist-Hand in rowwise):
0 0 0
0.116061 -0.146009 -0.153721
0.283282 -0.00324798 -0.200041
0.323629 0.0494176 -0.188205
Rotation matrix (Shoulder = R*Shoulder0):
0.531528 0.697782 -0.480185
-0.376393 0.702425 0.604092
0.758819 -0.140353 0.635999
Rotation matrix (shoulder to wrist):
0.288786 0.77359 0.564058
-0.612532 -0.303506 0.729855
0.735804 -0.556275 0.386201
Rotate angles XYZ (Shoulder = R*Shoulder0):
 136.474 -151.302  127.298
Rotate angles YZX J4 to wrist:
 111.429 -142.227  67.4203
Flexion angle: 96.0072

frame: 47
Joints (Shoulder-Elbow-Wrist-Hand in rowwise):
0 0 0
0.116015 -0.151477 -0.147994
0.284151 -0.00662715 -0.196605
0.326029 0.0481141 -0.182867
Rotation matrix (Shoulder = R*Shoulder0):
0.526979 0.701038 -0.480457
-0.352109 0.694617 0.627317
0.773506 -0.16141 0.61289
Rotation matrix (shoulder to wrist):
0.273847 0.791976 0.545693
-0.638451 -0.274645 0.718993
0.719297 -0.545292 0.430427
Rotate angles XYZ (Shoulder = R*Shoulder0):
 134.334 -151.285  126.933
Rotate angles YZX J4 to wrist:
 110.843 -140.324  69.0939
Flexion angle: 94.9766

frame: 48
Joints (Shoulder-Elbow-Wrist-Hand in rowwise):
0 0 0
0.115339 -0.146306 -0.146592
0.28377 -0.00249041 -0.186073
0.322527 0.0556725 -0.174492
Rotation matrix (Shoulder = R*Shoulder0):
0.505168 0.712802 -0.486538
-0.378745 0.689679 0.617166
0.775472 -0.127499 0.618374
Rotation matrix (shoulder to wrist):
0.304597 0.789634 0.532634
-0.478707 -0.356535 0.802323
0.823444 -0.499361 0.269404
Rotate angles XYZ (Shoulder = R*Shoulder0):
 135.056 -150.887  125.325
Rotate angles YZX J4 to wrist:
   110.3 -151.399  66.0407
Flexion angle: 94.4882

frame: 49
Joints (Shoulder-Elbow-Wrist-Hand in rowwise):
0 0 0
0.119651 -0.149391 -0.148855
0.283924 -0.00136729 -0.18664
0.326602 0.0519849 -0.17155
Rotation matrix (Shoulder = R*Shoulder0):
0.509726 0.704747 -0.493468
-0.367059 0.696896 0.61612
0.778105 -0.132921 0.61391
Rotation matrix (shoulder to wrist):
0.232921 0.787012 0.571279
-0.722113 -0.253503 0.643653
0.651384 -0.562448 0.509265
Rotate angles XYZ (Shoulder = R*Shoulder0):
 134.897 -150.431  125.877
Rotate angles YZX J4 to wrist:
 109.676 -133.771   68.503
Flexion angle: 93.3373

frame: 50
Joints (Shoulder-Elbow-Wrist-Hand in rowwise):
0 0 0
0.118484 -0.148325 -0.147258
0.281846 -0.00110389 -0.184208
0.326892 0.0568923 -0.169483
Rotation matrix (Shoulder = R*Shoulder0):
0.507721 0.706412 -0.493155
-0.367859 0.695377 0.617358
0.779038 -0.132034 0.612917
Rotation matrix (shoulder to wrist):
0.239989 0.789963 0.564238
-0.684933 -0.274102 0.675082
0.687948 -0.548477 0.47529
Rotate angles XYZ (Shoulder = R*Shoulder0):
 134.793 -150.452  125.706
Rotate angles YZX J4 to wrist:
109.231 -136.77 67.9015
Flexion angle: 93.1675

frame: 51
Joints (Shoulder-Elbow-Wrist-Hand in rowwise):
0 0 0
0.120124 -0.148078 -0.143034
0.285318 -0.000930372 -0.181082
0.327131 0.0582992 -0.164199
Rotation matrix (Shoulder = R*Shoulder0):
0.499726 0.704484 -0.50396
-0.356944 0.697607 0.621237
0.789218 -0.130562 0.600074
Rotation matrix (shoulder to wrist):
0.253486 0.801798 0.54117
-0.629109 -0.288329 0.721865
0.734824 -0.523437 0.431331
Rotate angles XYZ (Shoulder = R*Shoulder0):
 134.007 -149.738   125.35
Rotate angles YZX J4 to wrist:
 109.032 -141.016  68.2271
Flexion angle: 93.747

frame: 52
Joints (Shoulder-Elbow-Wrist-Hand in rowwise):
0 0 0
0.119953 -0.147354 -0.142763
0.283131 0.00534055 -0.177813
0.326398 0.0629709 -0.163322
Rotation matrix (Shoulder = R*Shoulder0):
0.501921 0.702376 -0.504721
-0.355377 0.699492 0.620015
0.788532 -0.131832 0.600698
Rotation matrix (shoulder to wrist):
0.214331 0.808088 0.548686
-0.694171 -0.269172 0.667588
0.68716 -0.523967 0.503259
Rotate angles XYZ (Shoulder = R*Shoulder0):
 134.093 -149.687   125.55
Rotate angles YZX J4 to wrist:
 107.323 -136.039  68.0407
Flexion angle: 92.2148

frame: 53
Joints (Shoulder-Elbow-Wrist-Hand in rowwise):
0 0 0
0.127289 -0.143739 -0.143133
0.286538 0.00877698 -0.174314
0.32636 0.0643366 -0.160988
Rotation matrix (Shoulder = R*Shoulder0):
0.494057 0.688035 -0.531522
-0.353471 0.717496 0.600215
0.794334 -0.108663 0.597684
Rotation matrix (shoulder to wrist):
0.203908 0.817494 0.538632
-0.670974 -0.283946 0.684959
0.712893 -0.501077 0.490618
Rotate angles XYZ (Shoulder = R*Shoulder0):
 134.879 -147.892  125.681
Rotate angles YZX J4 to wrist:
 105.962 -137.858  67.4838
Flexion angle: 93.0214

frame: 54
Joints (Shoulder-Elbow-Wrist-Hand in rowwise):
0 0 0
0.126645 -0.148107 -0.140014
0.292162 0.00937388 -0.173713
0.329387 0.0641786 -0.159401
Rotation matrix (Shoulder = R*Shoulder0):
0.48841 0.694909 -0.527785
-0.3415 0.708806 0.617229
0.803015 -0.121222 0.583499
Rotation matrix (shoulder to wrist):
0.209798 0.827307 0.521102
-0.644027 -0.284083 0.7103
0.735672 -0.484623 0.473209
Rotate angles XYZ (Shoulder = R*Shoulder0):
 133.391 -148.144  125.101
Rotate angles YZX J4 to wrist:
 105.917 -139.907  68.2012
Flexion angle: 92.4369

frame: 55
Joints (Shoulder-Elbow-Wrist-Hand in rowwise):
0 0 0
0.126089 -0.14956 -0.136677
0.290367 0.00995829 -0.173395
0.32706 0.0667914 -0.158373
Rotation matrix (Shoulder = R*Shoulder0):
0.493473 0.690874 -0.528372
-0.322243 0.709485 0.62673
0.807863 -0.13901 0.572741
Rotation matrix (shoulder to wrist):
0.196479 0.843602 0.499731
-0.638754 -0.276553 0.717991
0.743901 -0.460276 0.484518
Rotate angles XYZ (Shoulder = R*Shoulder0):
 132.423 -148.104  125.537
Rotate angles YZX J4 to wrist:
 104.795 -140.301  68.9345
Flexion angle: 91.9411

frame: 56
Joints (Shoulder-Elbow-Wrist-Hand in rowwise):
0 0 0
0.125689 -0.149946 -0.132656
0.290342 0.0116218 -0.173342
0.32742 0.0690703 -0.159102
Rotation matrix (Shoulder = R*Shoulder0):
0.497528 0.685385 -0.531707
-0.302281 0.711522 0.634321
0.813076 -0.154868 0.561181
Rotation matrix (shoulder to wrist):
0.18725 0.857363 0.479443
-0.642271 -0.262438 0.720149
0.743253 -0.44278 0.501518
Rotate angles XYZ (Shoulder = R*Shoulder0):
 131.499 -147.879  125.976
Rotate angles YZX J4 to wrist:
  104.14 -140.039  69.9772
Flexion angle: 91.931

frame: 57
Joints (Shoulder-Elbow-Wrist-Hand in rowwise):
0 0 0
0.123222 -0.148925 -0.133068
0.287685 0.0129273 -0.17372
0.324657 0.07306 -0.159776
Rotation matrix (Shoulder = R*Shoulder0):
0.502023 0.687208 -0.525089
-0.307049 0.709212 0.634617
0.808513 -0.157365 0.567048
Rotation matrix (shoulder to wrist):
0.191299 0.856821 0.478813
-0.602115 -0.282811 0.746643
0.775153 -0.431133 0.461803
Rotate angles XYZ (Shoulder = R*Shoulder0):
 131.782 -148.326  126.149
Rotate angles YZX J4 to wrist:
 103.863 -142.978  69.2545
Flexion angle: 91.6374

frame: 58
Joints (Shoulder-Elbow-Wrist-Hand in rowwise):
0 0 0
0.126542 -0.148971 -0.134094
0.289538 0.014505 -0.173414
0.325442 0.0742168 -0.159424
Rotation matrix (Shoulder = R*Shoulder0):
0.500636 0.681445 -0.533849
-0.304237 0.715864 0.628473
0.810434 -0.15222 0.565708
Rotation matrix (shoulder to wrist):
0.179411 0.861638 0.474754
-0.607083 -0.282771 0.742624
0.77412 -0.42145 0.472354
Rotate angles XYZ (Shoulder = R*Shoulder0):
 131.991 -147.734  126.304
Rotate angles YZX J4 to wrist:
 103.049 -142.621  69.1545
Flexion angle: 91.5952

frame: 59
Joints (Shoulder-Elbow-Wrist-Hand in rowwise):
0 0 0
0.127211 -0.150859 -0.135164
0.288891 0.0136787 -0.175231
0.322853 0.0741175 -0.160877
Rotation matrix (Shoulder = R*Shoulder0):
0.505168 0.679663 -0.531849
-0.299271 0.715984 0.630717
0.809471 -0.159451 0.565095
Rotation matrix (shoulder to wrist):
0.172376 0.867695 0.466253
-0.586032 -0.290119 0.756569
0.79174 -0.403654 0.458488
Rotate angles XYZ (Shoulder = R*Shoulder0):
131.859 -147.87 126.622
Rotate angles YZX J4 to wrist:
 102.283 -144.124  69.0199
Flexion angle: 91.1879

frame: 60
Joints (Shoulder-Elbow-Wrist-Hand in rowwise):
0 0 0
0.129986 -0.147593 -0.13561
0.285987 0.0166264 -0.174904
0.323442 0.0760967 -0.161354
Rotation matrix (Shoulder = R*Shoulder0):
0.511265 0.665242 -0.544116
-0.2923 0.729972 0.617819
0.808189 -0.156824 0.567659
Rotation matrix (shoulder to wrist):
0.143557 0.870364 0.471018
-0.682844 -0.257385 0.683723
0.716321 -0.419785 0.557373
Rotate angles XYZ (Shoulder = R*Shoulder0):
 132.577 -147.036  127.544
Rotate angles YZX J4 to wrist:
 101.332 -136.934  69.3714
Flexion angle: 91.4282

frame: 61
Joints (Shoulder-Elbow-Wrist-Hand in rowwise):
0 0 0
0.126126 -0.144256 -0.136201
0.28072 0.0226989 -0.175631
0.31814 0.0833571 -0.161995
Rotation matrix (Shoulder = R*Shoulder0):
0.523681 0.661762 -0.536497
-0.296274 0.731916 0.613613
0.798736 -0.162388 0.579353
Rotation matrix (shoulder to wrist):
0.129969 0.868942 0.477543
-0.693479 -0.264565 0.670144
0.708657 -0.418264 0.568208
Rotate angles XYZ (Shoulder = R*Shoulder0):
 133.355 -147.555  128.356
Rotate angles YZX J4 to wrist:
 100.393 -136.094  68.4565
Flexion angle: 90.828

frame: 62
Joints (Shoulder-Elbow-Wrist-Hand in rowwise):
0 0 0
0.127967 -0.144541 -0.137405
0.28173 0.0219423 -0.175946
0.320838 0.0829503 -0.162954
Rotation matrix (Shoulder = R*Shoulder0):
0.522299 0.659964 -0.540048
-0.297367 0.734494 0.609993
0.799235 -0.158006 0.579877
Rotation matrix (shoulder to wrist):
0.126667 0.867945 0.480236
-0.712556 -0.257193 0.652776
0.690087 -0.42488 0.585881
Rotate angles XYZ (Shoulder = R*Shoulder0):
  133.55 -147.313  128.358
Rotate angles YZX J4 to wrist:
 100.401 -134.557  68.4956
Flexion angle: 90.956

frame: 63
Joints (Shoulder-Elbow-Wrist-Hand in rowwise):
0 0 0
0.127225 -0.142907 -0.13393
0.283047 0.0256755 -0.175101
0.320425 0.0839928 -0.161968
Rotation matrix (Shoulder = R*Shoulder0):
0.522653 0.655812 -0.544743
-0.287043 0.737019 0.61189
0.802771 -0.163441 0.573451
Rotation matrix (shoulder to wrist):
0.125426 0.873117 0.4711
-0.722519 -0.245021 0.646476
0.679879 -0.421464 0.600111
Rotate angles XYZ (Shoulder = R*Shoulder0):
 133.143 -146.993  128.553
Rotate angles YZX J4 to wrist:
 100.453 -133.737  69.2428
Flexion angle: 91.3116

frame: 64
Joints (Shoulder-Elbow-Wrist-Hand in rowwise):
0 0 0
0.127247 -0.145967 -0.13531
0.283629 0.0232427 -0.177434
0.320847 0.0854876 -0.164791
Rotation matrix (Shoulder = R*Shoulder0):
0.52498 0.658981 -0.538646
-0.285581 0.732568 0.61789
0.801773 -0.170553 0.572776
Rotation matrix (shoulder to wrist):
0.130463 0.877156 0.462144
-0.662243 -0.269797 0.69903
0.737843 -0.39725 0.545692
Rotate angles XYZ (Shoulder = R*Shoulder0):
  132.83 -147.408  128.543
Rotate angles YZX J4 to wrist:
 100.027 -138.529  68.8954
Flexion angle: 90.9319

frame: 65
Joints (Shoulder-Elbow-Wrist-Hand in rowwise):
0 0 0
0.128717 -0.145692 -0.135292
0.284554 0.0250128 -0.179828
0.319415 0.0874711 -0.166333
Rotation matrix (Shoulder = R*Shoulder0):
0.530748 0.650358 -0.543452
-0.275409 0.738765 0.615122
0.801534 -0.176804 0.571213
Rotation matrix (shoulder to wrist):
0.12377 0.884758 0.449315
-0.646037 -0.271845 0.713258
0.753205 -0.378554 0.53794
Rotate angles XYZ (Shoulder = R*Shoulder0):
  132.88 -147.081  129.217
Rotate angles YZX J4 to wrist:
 99.3317 -139.757  69.1366
Flexion angle: 91.2475

frame: 66
Joints (Shoulder-Elbow-Wrist-Hand in rowwise):
0 0 0
0.127433 -0.138481 -0.136976
0.274191 0.031876 -0.181429
0.314264 0.0978453 -0.16738
Rotation matrix (Shoulder = R*Shoulder0):
0.552911 0.628137 -0.547478
-0.270684 0.756815 0.594946
0.788048 -0.180759 0.588478
Rotation matrix (shoulder to wrist):
0.0880708 0.884097 0.458929
-0.754329 -0.241703 0.610383
0.650563 -0.399941 0.645613
Rotate angles XYZ (Shoulder = R*Shoulder0):
 134.687 -146.806  131.356
Rotate angles YZX J4 to wrist:
 97.7096 -131.033  68.3972
Flexion angle: 91.2883

frame: 67
Joints (Shoulder-Elbow-Wrist-Hand in rowwise):
0 0 0
0.128909 -0.141078 -0.138147
0.276961 0.0326037 -0.184078
0.312772 0.0972358 -0.170177
Rotation matrix (Shoulder = R*Shoulder0):
0.555198 0.626822 -0.546671
-0.264759 0.756284 0.598278
0.788452 -0.187427 0.585845
Rotation matrix (shoulder to wrist):
0.0838861 0.891051 0.446085
-0.710915 -0.260174 0.653383
0.698257 -0.371938 0.611636
Rotate angles XYZ (Shoulder = R*Shoulder0):
 134.398 -146.861  131.532
Rotate angles YZX J4 to wrist:
 96.8505 -134.691  68.2878
Flexion angle: 90.9683

frame: 68
Joints (Shoulder-Elbow-Wrist-Hand in rowwise):
0 0 0
0.131768 -0.13854 -0.140373
0.27221 0.0403583 -0.184347
0.310263 0.102136 -0.173701
Rotation matrix (Shoulder = R*Shoulder0):
0.567915 0.607337 -0.55553
-0.253334 0.771149 0.584081
0.783131 -0.190974 0.591807
Rotation matrix (shoulder to wrist):
0.0392346 0.898213 0.437807
-0.829448 -0.215049 0.51553
0.557205 -0.383365 0.736583
Rotate angles XYZ (Shoulder = R*Shoulder0):
 135.376 -146.253  133.079
Rotate angles YZX J4 to wrist:
 94.0277 -123.958   67.357
Flexion angle: 89.8892

frame: 69
Joints (Shoulder-Elbow-Wrist-Hand in rowwise):
0 0 0
0.132296 -0.136447 -0.142478
0.26998 0.0451563 -0.189257
0.308256 0.103563 -0.180024
Rotation matrix (Shoulder = R*Shoulder0):
0.583734 0.590797 -0.556969
-0.242997 0.781644 0.574444
0.774731 -0.199981 0.599834
Rotation matrix (shoulder to wrist):
0.0263501 0.898896 0.437369
-0.893578 -0.174956 0.413411
0.448134 -0.401716 0.798624
Rotate angles XYZ (Shoulder = R*Shoulder0):
 136.239 -146.154  134.655
Rotate angles YZX J4 to wrist:
 93.3651 -116.674  67.0619
Flexion angle: 90.1046

frame: 70
Joints (Shoulder-Elbow-Wrist-Hand in rowwise):
0 0 0
0.126709 -0.137289 -0.141306
0.268699 0.0488468 -0.190164
0.304239 0.107096 -0.180081
Rotation matrix (Shoulder = R*Shoulder0):
0.589283 0.600123 -0.540923
-0.247665 0.771466 0.58609
0.76903 -0.211405 0.603242
Rotation matrix (shoulder to wrist):
0.0293154 0.89716 0.440731
-0.850076 -0.209578 0.483165
0.525844 -0.388819 0.75651
Rotate angles XYZ (Shoulder = R*Shoulder0):
 135.826 -147.254  134.478
Rotate angles YZX J4 to wrist:
93.1909 -121.78 66.5506
Flexion angle: 89.326

frame: 71
Joints (Shoulder-Elbow-Wrist-Hand in rowwise):
0 0 0
0.129796 -0.137133 -0.141307
0.27093 0.0464551 -0.190997
0.30623 0.104348 -0.182588
Rotation matrix (Shoulder = R*Shoulder0):
0.58645 0.594291 -0.550359
-0.241579 0.776875 0.581468
0.773121 -0.208047 0.599166
Rotation matrix (shoulder to wrist):
0.032804 0.900858 0.432873
-0.833216 -0.214542 0.50963
0.551974 -0.377395 0.743571
Rotate angles XYZ (Shoulder = R*Shoulder0):
 135.859 -146.608   134.62
Rotate angles YZX J4 to wrist:
 93.4011 -123.569    67.17
Flexion angle: 90.1686

frame: 72
Joints (Shoulder-Elbow-Wrist-Hand in rowwise):
0 0 0
0.127813 -0.135359 -0.139872
0.269838 0.0475034 -0.190794
0.303746 0.107265 -0.182605
Rotation matrix (Shoulder = R*Shoulder0):
0.588213 0.593906 -0.548891
-0.241968 0.776884 0.581294
0.771659 -0.209111 0.600679
Rotation matrix (shoulder to wrist):
0.0368606 0.902882 0.428306
-0.772097 -0.24637 0.585805
0.634434 -0.352287 0.688031
Rotate angles XYZ (Shoulder = R*Shoulder0):
  135.94 -146.709  134.724
Rotate angles YZX J4 to wrist:
 93.3251 -129.457    67.19
Flexion angle: 90.5431

frame: 73
Joints (Shoulder-Elbow-Wrist-Hand in rowwise):
0 0 0
0.129143 -0.13724 -0.139479
0.269073 0.0494651 -0.19082
0.305231 0.104764 -0.182865
Rotation matrix (Shoulder = R*Shoulder0):
0.590743 0.58958 -0.550834
-0.230085 0.777436 0.585366
0.773358 -0.219063 0.594919
Rotation matrix (shoulder to wrist):
0.0240837 0.903249 0.428441
-0.897753 -0.169015 0.406785
0.439841 -0.394431 0.806823
Rotate angles XYZ (Shoulder = R*Shoulder0):
 135.464 -146.576  135.056
Rotate angles YZX J4 to wrist:
 93.1341 -116.136  67.4377
Flexion angle: 89.5997

frame: 74
Joints (Shoulder-Elbow-Wrist-Hand in rowwise):
0 0 0
0.127802 -0.13812 -0.138347
0.268972 0.0462716 -0.191985
0.304869 0.106547 -0.1833
Rotation matrix (Shoulder = R*Shoulder0):
0.591348 0.592359 -0.547191
-0.227699 0.773586 0.591369
0.773603 -0.22511 0.592338
Rotation matrix (shoulder to wrist):
0.0322203 0.906934 0.420039
-0.823549 -0.214037 0.525314
0.566329 -0.362848 0.740009
Rotate angles XYZ (Shoulder = R*Shoulder0):
 135.047 -146.825  134.951
Rotate angles YZX J4 to wrist:
 93.2562 -124.558  67.8318
Flexion angle: 89.9939

frame: 75
Joints (Shoulder-Elbow-Wrist-Hand in rowwise):
0 0 0
0.12796 -0.139494 -0.135853
0.272196 0.0450062 -0.191952
0.306142 0.102727 -0.183584
Rotation matrix (Shoulder = R*Shoulder0):
0.586194 0.595624 -0.549189
-0.221294 0.769805 0.598689
0.779362 -0.229415 0.583063
Rotation matrix (shoulder to wrist):
0.041371 0.910312 0.411849
-0.79859 -0.217593 0.561166
0.600452 -0.352115 0.717964
Rotate angles XYZ (Shoulder = R*Shoulder0):
 134.242 -146.689  134.543
Rotate angles YZX J4 to wrist:
 93.9414 -127.004  68.8061
Flexion angle: 90.3484

frame: 76
Joints (Shoulder-Elbow-Wrist-Hand in rowwise):
0 0 0
0.127526 -0.139433 -0.134999
0.27406 0.0512533 -0.192428
0.307682 0.104707 -0.18424
Rotation matrix (Shoulder = R*Shoulder0):
0.5878 0.594081 -0.549144
-0.21698 0.769687 0.600418
0.779366 -0.233772 0.581326
Rotation matrix (shoulder to wrist):
0.0352574 0.909147 0.414981
-0.858078 -0.185323 0.478913
0.512308 -0.372971 0.773585
Rotate angles XYZ (Shoulder = R*Shoulder0):
 134.074 -146.692  134.696
Rotate angles YZX J4 to wrist:
 93.9369 -120.899  68.8452
Flexion angle: 89.8522

frame: 77
Joints (Shoulder-Elbow-Wrist-Hand in rowwise):
0 0 0
0.127497 -0.135923 -0.13582
0.274685 0.0515816 -0.192173
0.306143 0.108486 -0.182194
Rotation matrix (Shoulder = R*Shoulder0):
0.586547 0.591845 -0.552886
-0.226752 0.775347 0.589425
0.777526 -0.220357 0.588979
Rotation matrix (shoulder to wrist):
0.0425432 0.909277 0.414011
-0.771274 -0.233517 0.59212
0.63508 -0.344507 0.691367
